{
  "camera_angle_x": 0.6901303997449543,
  "camera_angle_y": 0.46301710731170687,
  "fl_x": 8368.429834420314,
  "fl_y": 8518.032708288356,
  "k1": 0.00022606343243319272,
  "k2": -0.0010586200820945195,
  "k3": 0,
  "k4": 0,
  "p1": -9.879169751963454e-06,
  "p2": 2.3272476333424435e-05,
  "is_fisheye": false,
  "cx": 3008.350754199987,
  "cy": 1926.2412849051896,
  "w": 6016.0,
  "h": 4016.0,
  "aabb_scale": 32,
  "frames": [
    {
      "file_path": "images/36_Camera1.jpg",
      "sharpness": 212.36613812417096,
      "transform_matrix": [
        [
          0.12959020764215215,
          -0.2612772572455153,
          -0.9565252599111368,
          -4.031218209139008
        ],
        [
          -0.9915676353109433,
          -0.0341973390941634,
          -0.12499666636569608,
          -0.7289883365115779
        ],
        [
          -5.183251245211859e-05,
          0.9646578340341787,
          -0.26350571240148646,
          -1.1273390910758563
        ],
        [
          0.0,
          0.0,
          0.0,
          1.0
        ]
      ]
    },
    {
      "file_path": "images/34_Camera1.jpg",
      "sharpness": 212.23368332167288,
      "transform_matrix": [
        [
          -0.1210288839165929,
          -0.26156212962561365,
          -0.9575684108836088,
          -3.859702222514589
        ],
        [
          -0.9926489846451358,
          0.031842040869034874,
          0.11676505348806017,
          0.47357702311579203
        ],
        [
          -5.038358193308699e-05,
          0.9646612548959924,
          -0.263493189062491,
          -0.9946488622823505
        ],
        [
          0.0,
          0.0,
          0.0,
          1.0
        ]
      ]
    },
    {
      "file_path": "images/31_Camera1.jpg",
      "sharpness": 199.2697011980307,
      "transform_matrix": [
        [
          -0.4779050129336302,
          -0.23146437450551963,
          -0.8473671234277492,
          -3.7091388340448774
        ],
        [
          -0.8784115191624221,
          0.12588573202120742,
          0.4610270984183521,
          1.7584785248781623
        ],
        [
          -3.9918342091531344e-05,
          0.9646642036108376,
          -0.263482395231128,
          -1.1723614634622124
        ],
        [
          0.0,
          0.0,
          0.0,
          1.0
        ]
      ]
    },
    {
      "file_path": "images/29_Camera1.jpg",
      "sharpness": 196.59025951122317,
      "transform_matrix": [
        [
          -0.681317316497478,
          -0.1928686044263574,
          -0.7061220967976057,
          -2.7348662993629045
        ],
        [
          -0.7319881926460237,
          0.17951088827494172,
          0.657243582560791,
          2.611709120372796
        ],
        [
          -5.047709976609668e-06,
          0.9646644713778071,
          -0.2634814178537722,
          -0.9849227109662079
        ],
        [
          0.0,
          0.0,
          0.0,
          1.0
        ]
      ]
    },
    {
      "file_path": "images/27_Camera1.jpg",
      "sharpness": 183.5925637539657,
      "transform_matrix": [
        [
          -0.8419344050912233,
          -0.14216571295474004,
          -0.5205145218937712,
          -2.1557846745116045
        ],
        [
          -0.5395798897506531,
          0.22183965589673402,
          0.8121826824354762,
          3.023044236858933
        ],
        [
          6.232328234570518e-06,
          0.9646637118987619,
          -0.26348419843550014,
          -0.9794886180032657
        ],
        [
          0.0,
          0.0,
          0.0,
          1.0
        ]
      ]
    },
    {
      "file_path": "images/26_Camera1.jpg",
      "sharpness": 178.63286320303823,
      "transform_matrix": [
        [
          -0.9029139214944323,
          -0.11324380446490269,
          -0.414635130012405,
          -1.578878121589079
        ],
        [
          -0.42982141662749596,
          0.23791168350877226,
          0.8710060738353944,
          3.613865551170573
        ],
        [
          1.0500309971946034e-05,
          0.9646625687376431,
          -0.2634883835856395,
          -0.8807939238438142
        ],
        [
          0.0,
          0.0,
          0.0,
          1.0
        ]
      ]
    },
    {
      "file_path": "images/25_Camera1.jpg",
      "sharpness": 174.28078816633902,
      "transform_matrix": [
        [
          -0.9496604414542301,
          -0.08254605015050061,
          -0.302210515138124,
          -1.2036051844642475
        ],
        [
          -0.3132810971964542,
          0.25022686580608483,
          0.9161012333623634,
          3.583919834192757
        ],
        [
          6.516645899814648e-07,
          0.9646619434584442,
          -0.26349067300549744,
          -1.1067255045248063
        ],
        [
          0.0,
          0.0,
          0.0,
          1.0
        ]
      ]
    },
    {
      "file_path": "images/23_Camera1.jpg",
      "sharpness": 162.66504530773048,
      "transform_matrix": [
        [
          -0.9977330619333311,
          -0.01771598853139412,
          -0.06492211328998944,
          -0.1594595192142328
        ],
        [
          -0.06729588965053752,
          0.26289806362614204,
          0.9624738289312401,
          4.003617579001861
        ],
        [
          1.6722555342396418e-05,
          0.9646609517421063,
          -0.26349430320731326,
          -0.8602610585482432
        ],
        [
          0.0,
          0.0,
          0.0,
          1.0
        ]
      ]
    },
    {
      "file_path": "images/22_Camera1.jpg",
      "sharpness": 195.1196666475391,
      "transform_matrix": [
        [
          -0.9983010539183197,
          0.015360214519902455,
          0.05620560002364273,
          0.307175324172768
        ],
        [
          0.05826667665084714,
          0.2630464014898867,
          0.9630221103666734,
          3.733730983097546
        ],
        [
          7.545372842160832e-06,
          0.9646609012482389,
          -0.26349448848949414,
          -1.1642219415205164
        ],
        [
          0.0,
          0.0,
          0.0,
          1.0
        ]
      ]
    },
    {
      "file_path": "images/19_Camera1.jpg",
      "sharpness": 140.5929049343531,
      "transform_matrix": [
        [
          -0.9067603159369938,
          0.11112549643663425,
          0.4067392941456458,
          1.514769676410443
        ],
        [
          0.42164645018159363,
          0.23893062872046372,
          0.8747150540080462,
          3.3386940586983647
        ],
        [
          2.0669341704696776e-05,
          0.9646570782530591,
          -0.26350848348276634,
          -0.944883390553693
        ],
        [
          0.0,
          0.0,
          0.0,
          1.0
        ]
      ]
    },
    {
      "file_path": "images/18_Camera1.jpg",
      "sharpness": 197.24158316032936,
      "transform_matrix": [
        [
          -0.8467664804851832,
          0.1401999801891112,
          0.5131573764453278,
          2.196780917137866
        ],
        [
          0.5319647795815637,
          0.22311647772760182,
          0.8168430146919061,
          3.069968299563336
        ],
        [
          2.7508125000570484e-05,
          0.9646569353109644,
          -0.26350900614229233,
          -1.154433793338547
        ],
        [
          0.0,
          0.0,
          0.0,
          1.0
        ]
      ]
    },
    {
      "file_path": "images/17_Camera1.jpg",
      "sharpness": 241.98400546726413,
      "transform_matrix": [
        [
          -0.7734168932135438,
          0.1670875321225674,
          0.6114802252073591,
          2.4422082717649456
        ],
        [
          0.6338977095194125,
          0.20377814050806625,
          0.7460885760530797,
          2.902247656813523
        ],
        [
          5.579566734024723e-05,
          0.9646534227284491,
          -0.26352186023832835,
          -1.2234722521143278
        ],
        [
          0.0,
          0.0,
          0.0,
          1.0
        ]
      ]
    },
    {
      "file_path": "images/21_Camera1.jpg",
      "sharpness": 151.10049723555449,
      "transform_matrix": [
        [
          -0.983128409285644,
          0.048211067808608114,
          0.17644892664670986,
          0.5798602611344921
        ],
        [
          0.18291673137966374,
          0.25905494554463465,
          0.948383890927108,
          3.6237520067210456
        ],
        [
          1.2632990205827907e-05,
          0.9646586069969637,
          -0.26350288747074974,
          -0.9156286962802359
        ],
        [
          0.0,
          0.0,
          0.0,
          1.0
        ]
      ]
    },
    {
      "file_path": "images/04_Camera1.jpg",
      "sharpness": 191.54854687794835,
      "transform_matrix": [
        [
          0.6811783420045288,
          0.1929628496969432,
          0.7062304191546401,
          2.718977537720265
        ],
        [
          0.7321175214156188,
          -0.17949167770318974,
          -0.6571047652173432,
          -2.720876198839762
        ],
        [
          -3.4325266685975895e-05,
          0.964649198513834,
          -0.26353732666689067,
          -1.1387568235055718
        ],
        [
          0.0,
          0.0,
          0.0,
          1.0
        ]
      ]
    },
    {
      "file_path": "images/13_Camera1.jpg",
      "sharpness": 186.92153770966658,
      "transform_matrix": [
        [
          -0.3723983400090112,
          0.24459138530362254,
          0.8952622691213625,
          3.7743374378828674
        ],
        [
          0.9280729901647546,
          0.09810754235168773,
          0.35924286361757773,
          1.599042479236782
        ],
        [
          3.5728688971577456e-05,
          0.9646501771564158,
          -0.26353374424140485,
          -1.0959475221269872
        ],
        [
          0.0,
          0.0,
          0.0,
          1.0
        ]
      ]
    },
    {
      "file_path": "images/33_Camera1.jpg",
      "sharpness": 240.5076444554219,
      "transform_matrix": [
        [
          -0.24447148693511833,
          -0.2555056693772801,
          -0.9353879114625882,
          -3.810440331656209
        ],
        [
          -0.969656479799133,
          0.06436180096904202,
          0.23584713218389677,
          0.7470937843745243
        ],
        [
          -5.7028792955524366e-05,
          0.964662848569858,
          -0.26348735312181865,
          -1.1249175612978457
        ],
        [
          0.0,
          0.0,
          0.0,
          1.0
        ]
      ]
    },
    {
      "file_path": "images/15_Camera1.jpg",
      "sharpness": 165.79096652397615,
      "transform_matrix": [
        [
          -0.5914946028873306,
          0.21250001046712302,
          0.7778032400454338,
          3.0940215263675865
        ],
        [
          0.8063089566781323,
          0.15584653256542583,
          0.5705941856238546,
          2.3896120312477036
        ],
        [
          3.3332438314210636e-05,
          0.9646531002173064,
          -0.26352304462499204,
          -1.0973206816455303
        ],
        [
          0.0,
          0.0,
          0.0,
          1.0
        ]
      ]
    },
    {
      "file_path": "images/16_Camera1.jpg",
      "sharpness": 195.1781816780209,
      "transform_matrix": [
        [
          -0.6878800727067281,
          0.19128855230846126,
          0.7001640488108931,
          2.9576715707168955
        ],
        [
          0.7258243620548567,
          0.1812467287580134,
          0.6635726175498607,
          2.7653897957115925
        ],
        [
          3.140192170874427e-05,
          0.9646545044683044,
          -0.2635179044036049,
          -0.9444587310587459
        ],
        [
          0.0,
          0.0,
          0.0,
          1.0
        ]
      ]
    },
    {
      "file_path": "images/35_Camera1.jpg",
      "sharpness": 195.97284235841343,
      "transform_matrix": [
        [
          0.004313077943301281,
          -0.26349684389302974,
          -0.9646506157856376,
          -4.115890798672999
        ],
        [
          -0.9999906968865863,
          -0.0011935534623331537,
          -0.004145065766175948,
          -0.2434852604711812
        ],
        [
          -5.915033529637888e-05,
          0.9646595195232845,
          -0.2634995404411198,
          -1.0973007843455733
        ],
        [
          0.0,
          0.0,
          0.0,
          1.0
        ]
      ]
    },
    {
      "file_path": "images/28_Camera1.jpg",
      "sharpness": 197.277277648196,
      "transform_matrix": [
        [
          -0.7676822248769174,
          -0.16883871553482335,
          -0.6181888786310539,
          -2.4725592200372937
        ],
        [
          -0.6408307120148228,
          0.20227472751227335,
          0.7405544768267929,
          2.6715142737019693
        ],
        [
          9.72032521534034e-06,
          0.9646649276657373,
          -0.26347974714484323,
          -1.0959469027128932
        ],
        [
          0.0,
          0.0,
          0.0,
          1.0
        ]
      ]
    },
    {
      "file_path": "images/09_Camera1.jpg",
      "sharpness": 137.4693365767409,
      "transform_matrix": [
        [
          0.12075843917949063,
          0.26161268719336306,
          0.957588743242601,
          3.617494503380391
        ],
        [
          0.9926819225534613,
          -0.03182518043429807,
          -0.1164893064863997,
          -0.2620683525602269
        ],
        [
          3.540363502314108e-07,
          0.964648101490017,
          -0.2635413444033365,
          -1.025312574568898
        ],
        [
          0.0,
          0.0,
          0.0,
          1.0
        ]
      ]
    },
    {
      "file_path": "images/37_Camera1.jpg",
      "sharpness": 214.4080287047334,
      "transform_matrix": [
        [
          0.25283636973770696,
          -0.2549272876821252,
          -0.9333197994532394,
          -3.666369209301341
        ],
        [
          -0.9675090516584295,
          -0.06669057622834502,
          -0.24388235278742837,
          -0.9146847065313636
        ],
        [
          -7.136852122569359e-05,
          0.9646576827849039,
          -0.2635062615364792,
          -1.264144643556135
        ],
        [
          0.0,
          0.0,
          0.0,
          1.0
        ]
      ]
    },
    {
      "file_path": "images/38_Camera1.jpg",
      "sharpness": 169.91881033189136,
      "transform_matrix": [
        [
          0.37207928357511366,
          -0.2445786310764619,
          -0.8953984028763605,
          -3.741473431296525
        ],
        [
          -0.9282009501036529,
          -0.09809843029465914,
          -0.35891460572146416,
          -1.3325940253444346
        ],
        [
          -5.433486981200041e-05,
          0.9646543376326181,
          -0.2635185114041029,
          -1.045938855142123
        ],
        [
          0.0,
          0.0,
          0.0,
          1.0
        ]
      ]
    },
    {
      "file_path": "images/39_Camera1.jpg",
      "sharpness": 127.80913657878811,
      "transform_matrix": [
        [
          0.4854613206414486,
          -0.23035959951339094,
          -0.843363362372135,
          -3.290805194494448
        ],
        [
          -0.8742581445813625,
          -0.1279730968567751,
          -0.46829006300991827,
          -1.8372091009376392
        ],
        [
          -5.270988723943192e-05,
          0.9646540008274253,
          -0.2635197446637492,
          -0.9779915360453262
        ],
        [
          0.0,
          0.0,
          0.0,
          1.0
        ]
      ]
    },
    {
      "file_path": "images/20_Camera1.jpg",
      "sharpness": 155.52335571273545,
      "transform_matrix": [
        [
          -0.9524537716604138,
          0.0803042402829497,
          0.29390992116798864,
          1.2897659077539647
        ],
        [
          0.3046831343619318,
          0.25097042502669453,
          0.9187937926418002,
          3.850112845271969
        ],
        [
          2.0339659697441473e-05,
          0.9646580091813903,
          -0.2635050755238552,
          -1.0352561502519442
        ],
        [
          0.0,
          0.0,
          0.0,
          1.0
        ]
      ]
    },
    {
      "file_path": "images/48_Camera1.jpg",
      "sharpness": 269.06205652557367,
      "transform_matrix": [
        [
          0.9977652085035403,
          0.017619412226001857,
          0.06445265651033866,
          0.005891539700162929
        ],
        [
          0.06681757623685898,
          -0.26294415674684035,
          -0.962494562030518,
          -3.6732956074190546
        ],
        [
          -1.1139037496052996e-05,
          0.9646501576579515,
          -0.2635338178009584,
          -1.1121209743358298
        ],
        [
          0.0,
          0.0,
          0.0,
          1.0
        ]
      ]
    },
    {
      "file_path": "images/10_Camera1.jpg",
      "sharpness": 116.86956892641318,
      "transform_matrix": [
        [
          -0.004607853878002287,
          0.2635405790318655,
          0.9646373053146613,
          3.7317663898541253
        ],
        [
          0.999989383759086,
          0.0012074404247023939,
          0.004446847932914644,
          0.15799168312736808
        ],
        [
          7.182801494093809e-06,
          0.9646475549181259,
          -0.2635433449306314,
          -0.9567035418795002
        ],
        [
          0.0,
          0.0,
          0.0,
          1.0
        ]
      ]
    },
    {
      "file_path": "images/46_Camera1.jpg",
      "sharpness": 244.4638405197011,
      "transform_matrix": [
        [
          0.9830434783554702,
          -0.048321035579697184,
          -0.17689148397202903,
          -0.668658005583365
        ],
        [
          -0.1833726249460873,
          -0.25905733761455313,
          -0.9482951946773932,
          -3.825046832485293
        ],
        [
          -2.4310424190811825e-06,
          0.9646524624300026,
          -0.26352538139648013,
          -1.1992925606258067
        ],
        [
          0.0,
          0.0,
          0.0,
          1.0
        ]
      ]
    },
    {
      "file_path": "images/44_Camera1.jpg",
      "sharpness": 170.06312184529781,
      "transform_matrix": [
        [
          0.906580303698588,
          -0.11120923163572186,
          -0.4071175010525963,
          -1.824073939597794
        ],
        [
          -0.4220333548821134,
          -0.23892736376573123,
          -0.8745293375357395,
          -3.3367695761805574
        ],
        [
          -1.577559914275753e-05,
          0.9646482372169259,
          -0.26354084712572556,
          -0.822096406106275
        ],
        [
          0.0,
          0.0,
          0.0,
          1.0
        ]
      ]
    },
    {
      "file_path": "images/07_Camera1.jpg",
      "sharpness": 174.4208738855391,
      "transform_matrix": [
        [
          0.36384499801139697,
          0.24548150331982807,
          0.8985297150726106,
          3.3653169041896183
        ],
        [
          0.9314595092656975,
          -0.09588682082705552,
          -0.35098276338017026,
          -1.4862240395899133
        ],
        [
          -2.618596959068707e-06,
          0.9646473703062735,
          -0.263544020749232,
          -1.0944823456445067
        ],
        [
          0.0,
          0.0,
          0.0,
          1.0
        ]
      ]
    },
    {
      "file_path": "images/43_Camera1.jpg",
      "sharpness": 225.91742988932182,
      "transform_matrix": [
        [
          0.8465432805793809,
          -0.140262654317883,
          -0.5135083853532915,
          -1.7822881679174054
        ],
        [
          -0.5323198976118632,
          -0.22310484020290197,
          -0.8166148154940167,
          -3.2509348368082502
        ],
        [
          -2.5644680597245076e-05,
          0.9646505159921283,
          -0.26353250512376697,
          -1.1878293671471953
        ],
        [
          0.0,
          0.0,
          0.0,
          1.0
        ]
      ]
    },
    {
      "file_path": "images/49_Camera1.jpg",
      "sharpness": 223.87488315507431,
      "transform_matrix": [
        [
          0.9815307819361357,
          0.05043388794659245,
          0.1845365735483663,
          0.827422599534381
        ],
        [
          0.19130426993821742,
          -0.2586703978995833,
          -0.946832773806268,
          -3.733273111643424
        ],
        [
          -1.8309111524979017e-05,
          0.9646481473163968,
          -0.26354117602787813,
          -0.9774057464102005
        ],
        [
          0.0,
          0.0,
          0.0,
          1.0
        ]
      ]
    },
    {
      "file_path": "images/12_Camera1.jpg",
      "sharpness": 183.475905422261,
      "transform_matrix": [
        [
          -0.2531470290298698,
          0.25495392936267386,
          0.9332283083546201,
          3.6285198280069486
        ],
        [
          0.9674278172098937,
          0.06670052544924618,
          0.2442016756557768,
          0.8625430839163861
        ],
        [
          1.3358234025237997e-05,
          0.9646499539863675,
          -0.26353456322462493,
          -1.0137244060735604
        ],
        [
          0.0,
          0.0,
          0.0,
          1.0
        ]
      ]
    },
    {
      "file_path": "images/30_Camera1.jpg",
      "sharpness": 206.78943140971091,
      "transform_matrix": [
        [
          -0.5842144184360017,
          -0.21385016693067935,
          -0.7829186543401222,
          -3.143132693515524
        ],
        [
          -0.8115993549679733,
          0.1539162717812205,
          0.5635745454652235,
          2.320443259428969
        ],
        [
          -1.6590241618131978e-05,
          0.9646646501791365,
          -0.26348076274723614,
          -1.2363363057548604
        ],
        [
          0.0,
          0.0,
          0.0,
          1.0
        ]
      ]
    },
    {
      "file_path": "images/40_Camera1.jpg",
      "sharpness": 137.88017579530805,
      "transform_matrix": [
        [
          0.5911942897331987,
          -0.21250480415317727,
          -0.7780302178689603,
          -3.3709541772544704
        ],
        [
          -0.8065291744860803,
          -0.15582761824340877,
          -0.5702880360792981,
          -2.3402583587209485
        ],
        [
          -4.964835398919333e-05,
          0.964655099776319,
          -0.2635157223562164,
          -1.2756067337755377
        ],
        [
          0.0,
          0.0,
          0.0,
          1.0
        ]
      ]
    },
    {
      "file_path": "images/47_Camera1.jpg",
      "sharpness": 302.624951722702,
      "transform_matrix": [
        [
          0.9982730955222784,
          -0.015475593062651331,
          -0.05666862177846034,
          -0.3345864322225355
        ],
        [
          -0.058743737106229786,
          -0.2630719727236814,
          -0.9629861424329317,
          -3.980396852511062
        ],
        [
          -5.144457527264488e-06,
          0.9646520839715069,
          -0.26352676672645736,
          -1.275280531355564
        ],
        [
          0.0,
          0.0,
          0.0,
          1.0
        ]
      ]
    },
    {
      "file_path": "images/08_Camera1.jpg",
      "sharpness": 120.21529494018907,
      "transform_matrix": [
        [
          0.24422127254344095,
          0.2555577043263426,
          0.935439057189326,
          3.6324023737248203
        ],
        [
          0.9697195315934884,
          -0.06435283112036026,
          -0.23559020177565648,
          -0.6435116687686763
        ],
        [
          -8.73945687288753e-06,
          0.9646496632483046,
          -0.2635356276424356,
          -0.8232080478955425
        ],
        [
          0.0,
          0.0,
          0.0,
          1.0
        ]
      ]
    },
    {
      "file_path": "images/50_Camera1.jpg",
      "sharpness": 275.77585522888194,
      "transform_matrix": [
        [
          0.9498215366720383,
          0.08243952554158711,
          0.30173294984305077,
          1.0342010433298954
        ],
        [
          0.31279234060526845,
          -0.2503116684319124,
          -0.9162450656376298,
          -3.903899443573415
        ],
        [
          -7.530394889997215e-06,
          0.964649051831246,
          -0.26353786570948157,
          -1.1732087245744436
        ],
        [
          0.0,
          0.0,
          0.0,
          1.0
        ]
      ]
    },
    {
      "file_path": "images/11_Camera1.jpg",
      "sharpness": 135.10936721805612,
      "transform_matrix": [
        [
          -0.12990883310579704,
          0.26130776991945964,
          0.9564737029209701,
          3.9363106769136356
        ],
        [
          0.9915259427079739,
          0.0342322227787167,
          0.12531743637852788,
          0.7777265008487342
        ],
        [
          4.198951722163631e-06,
          0.964648331891846,
          -0.26354050102211135,
          -1.0522976158229957
        ],
        [
          0.0,
          0.0,
          0.0,
          1.0
        ]
      ]
    },
    {
      "file_path": "images/03_Camera1.jpg",
      "sharpness": 206.52429596973386,
      "transform_matrix": [
        [
          0.7675589368647124,
          0.16895499591822305,
          0.618310187294313,
          2.74452223554784
        ],
        [
          0.6409783739383798,
          -0.20224456575004632,
          -0.7404349125802214,
          -2.8983151281306365
        ],
        [
          -5.030230453307312e-05,
          0.964650892759035,
          -0.26353112242619925,
          -1.0517473445312988
        ],
        [
          0.0,
          0.0,
          0.0,
          1.0
        ]
      ]
    },
    {
      "file_path": "images/14_Camera1.jpg",
      "sharpness": 169.29236962536163,
      "transform_matrix": [
        [
          -0.4857760071438613,
          0.23035924456705253,
          0.843182239640048,
          3.6499824099972047
        ],
        [
          0.8740833312115813,
          0.12798896336579044,
          0.46861194538168793,
          1.8785154771370147
        ],
        [
          3.1072953247278025e-05,
          0.9646519805704484,
          -0.26352714344886824,
          -1.1188376301178156
        ],
        [
          0.0,
          0.0,
          0.0,
          1.0
        ]
      ]
    },
    {
      "file_path": "images/32_Camera1.jpg",
      "sharpness": 229.08849388739813,
      "transform_matrix": [
        [
          -0.3640562172133638,
          -0.24542713239227484,
          -0.8984590103686108,
          -3.723919831987696
        ],
        [
          -0.931376973770018,
          0.09587182846292432,
          0.35120581606512835,
          1.2787547252597578
        ],
        [
          -5.852819332504023e-05,
          0.9646626949935255,
          -0.26348791505611147,
          -0.9867748214566479
        ],
        [
          0.0,
          0.0,
          0.0,
          1.0
        ]
      ]
    },
    {
      "file_path": "images/45_Camera1.jpg",
      "sharpness": 188.76466042524513,
      "transform_matrix": [
        [
          0.9523177190333586,
          -0.0803860012834058,
          -0.29432813785179973,
          -0.9854186969882798
        ],
        [
          -0.3051081143233283,
          -0.2509764814286639,
          -0.9186511004421343,
          -3.5137455857251574
        ],
        [
          -2.2751884351936526e-05,
          0.9646496236927977,
          -0.263535771594736,
          -1.0040870842552145
        ],
        [
          0.0,
          0.0,
          0.0,
          1.0
        ]
      ]
    },
    {
      "file_path": "images/05_Camera1.jpg",
      "sharpness": 184.39680572740747,
      "transform_matrix": [
        [
          0.5840459107714012,
          0.21393143885410948,
          0.7830221666719007,
          3.0880019777999506
        ],
        [
          0.8117206253847309,
          -0.1539031764912513,
          -0.5634034421182733,
          -1.901158143663116
        ],
        [
          -2.0110313852704275e-05,
          0.9646487193047316,
          -0.26353908222055766,
          -1.0442615132803001
        ],
        [
          0.0,
          0.0,
          0.0,
          1.0
        ]
      ]
    },
    {
      "file_path": "images/24_Camera1.jpg",
      "sharpness": 158.06020592529796,
      "transform_matrix": [
        [
          -0.9814334093687554,
          -0.05053371244062509,
          -0.18502650296736411,
          -0.7411117663654817
        ],
        [
          -0.19180318784569872,
          0.25860096740072613,
          0.9467507997310752,
          3.816274057944723
        ],
        [
          5.199995591689901e-06,
          0.9646615383077471,
          -0.2634921562419429,
          -0.9811560834958085
        ],
        [
          0.0,
          0.0,
          0.0,
          1.0
        ]
      ]
    },
    {
      "file_path": "images/41_Camera1.jpg",
      "sharpness": 141.15339121700077,
      "transform_matrix": [
        [
          0.6876018399446029,
          -0.19131541853325384,
          -0.7004299538531921,
          -3.112730285584562
        ],
        [
          -0.7260879477538724,
          -0.18123110965879577,
          -0.6632884568709191,
          -2.621154724313834
        ],
        [
          -4.23890405372259e-05,
          0.964652111097065,
          -0.2635266640730738,
          -1.1772452733210022
        ],
        [
          0.0,
          0.0,
          0.0,
          1.0
        ]
      ]
    },
    {
      "file_path": "images/01_Camera1.jpg",
      "sharpness": 210.4438876311804,
      "transform_matrix": [
        [
          0.9028564429332051,
          0.11333011196159619,
          0.4147366985152327,
          1.6186059911321924
        ],
        [
          0.42994213779808477,
          -0.23789966160540232,
          -0.8709497741853097,
          -3.462657673633285
        ],
        [
          -3.911518923247425e-05,
          0.9646553978773861,
          -0.2635146328657318,
          -0.8113502775413908
        ],
        [
          0.0,
          0.0,
          0.0,
          1.0
        ]
      ]
    },
    {
      "file_path": "images/02_Camera1.jpg",
      "sharpness": 206.04993352706748,
      "transform_matrix": [
        [
          0.8418505894336378,
          0.14224871121248045,
          0.5206273995355677,
          2.0804376720343436
        ],
        [
          0.5397106486623466,
          -0.2218338892051623,
          -0.8120973718221081,
          -2.9520830395933153
        ],
        [
          -2.7003654992358618e-05,
          0.964652802660682,
          -0.26352413458359286,
          -1.0228581356428041
        ],
        [
          0.0,
          0.0,
          0.0,
          1.0
        ]
      ]
    },
    {
      "file_path": "images/42_Camera1.jpg",
      "sharpness": 162.62107785611673,
      "transform_matrix": [
        [
          0.7731683894880483,
          -0.16709818210113944,
          -0.6117914995760357,
          -2.219712974543482
        ],
        [
          -0.6342007878558499,
          -0.20378341453114954,
          -0.7458295251897975,
          -2.856863078982205
        ],
        [
          -4.620294816576212e-05,
          0.9646504638582659,
          -0.2635326931552473,
          -0.955169646543354
        ],
        [
          0.0,
          0.0,
          0.0,
          1.0
        ]
      ]
    },
    {
      "file_path": "images/06_Camera1.jpg",
      "sharpness": 138.53566898934886,
      "transform_matrix": [
        [
          0.4777097438183083,
          0.23153176440232479,
          0.8474588147233681,
          3.455209986430352
        ],
        [
          0.8785177288658569,
          -0.12587034084593507,
          -0.4608288807827685,
          -2.097197319105593
        ],
        [
          -2.6593993060494863e-05,
          0.9646500398009384,
          -0.26353424810286985,
          -0.8356071364557656
        ],
        [
          0.0,
          0.0,
          0.0,
          1.0
        ]
      ]
    }
  ]
}