{
  "camera_angle_x": 0.9439273374594223,
  "camera_angle_y": 0.660186685306427,
  "fl_x": 5892.9698772376605,
  "fl_y": 5860.563566621193,
  "k1": -2.4785651293269872e-05,
  "k2": 0.00020584782279589852,
  "k3": 0,
  "k4": 0,
  "p1": -8.700254974592333e-06,
  "p2": 1.748237491646931e-05,
  "is_fisheye": false,
  "cx": 3032.343048379524,
  "cy": 2007.8019742134322,
  "w": 6016.0,
  "h": 4016.0,
  "aabb_scale": 32,
  "frames": [
    {
      "file_path": "images/36_Camera2.jpg",
      "sharpness": 481.38965290757614,
      "transform_matrix": [
        [
          -0.21147778868881517,
          0.7722146889123341,
          -0.5991340577410738,
          -2.565829782388117
        ],
        [
          0.8496828573889237,
          -0.15769254692429055,
          -0.5031621036778823,
          -1.8773460753303262
        ],
        [
          -0.4830281428783663,
          -0.6154815471782668,
          -0.6227891122764747,
          -2.8197964210663478
        ],
        [
          0.0,
          0.0,
          0.0,
          1.0
        ]
      ]
    },
    {
      "file_path": "images/35_Camera2.jpg",
      "sharpness": 480.93451799416147,
      "transform_matrix": [
        [
          -0.24307422899188968,
          0.686467267867882,
          -0.6853302921744905,
          -2.514439031997193
        ],
        [
          0.8569507015269913,
          -0.17905415368691982,
          -0.48329608447977956,
          -2.2809087057547477
        ],
        [
          -0.4544781781453921,
          -0.7047710977663486,
          -0.5447451564194551,
          -1.8399439539024094
        ],
        [
          0.0,
          0.0,
          0.0,
          1.0
        ]
      ]
    },
    {
      "file_path": "images/34_Camera2.jpg",
      "sharpness": 496.1941466521119,
      "transform_matrix": [
        [
          -0.27071794523583326,
          0.5899110235191029,
          -0.7607343678866498,
          -2.7849740529725517
        ],
        [
          0.8651034476347115,
          -0.19755331791750944,
          -0.46105174497440854,
          -2.175260592251055
        ],
        [
          -0.4222651052030088,
          -0.782928905439821,
          -0.45685283194294785,
          -1.7090836014551833
        ],
        [
          0.0,
          0.0,
          0.0,
          1.0
        ]
      ]
    },
    {
      "file_path": "images/33_Camera2.jpg",
      "sharpness": 494.19126186954657,
      "transform_matrix": [
        [
          -0.29397024611582434,
          0.48405515160436813,
          -0.824179655554444,
          -3.1572589666721074
        ],
        [
          0.8739901930611718,
          -0.21294352272394013,
          -0.43680224202314055,
          -1.7045235379228538
        ],
        [
          -0.3869400946948061,
          -0.8487317988666049,
          -0.360460395619029,
          -1.428243159762926
        ],
        [
          0.0,
          0.0,
          0.0,
          1.0
        ]
      ]
    },
    {
      "file_path": "images/32_Camera2.jpg",
      "sharpness": 457.85069938121865,
      "transform_matrix": [
        [
          -0.31245055363021995,
          0.3705475768863346,
          -0.8746823107996434,
          -3.5365305338611983
        ],
        [
          0.8834636626192776,
          -0.22502943248304774,
          -0.4109181322615451,
          -1.3674226101316114
        ],
        [
          -0.3490939822103783,
          -0.9011416358491617,
          -0.25705474868827705,
          -1.0408132896358264
        ],
        [
          0.0,
          0.0,
          0.0,
          1.0
        ]
      ]
    },
    {
      "file_path": "images/30_Camera2.jpg",
      "sharpness": 448.9022000836974,
      "transform_matrix": [
        [
          -0.3341186777287247,
          0.12791628350385448,
          -0.9338105448287348,
          -3.637984702548933
        ],
        [
          0.9036079227434224,
          -0.23830298858395674,
          -0.35595562597169256,
          -1.1970906679747164
        ],
        [
          -0.26806236437048736,
          -0.9627300297283589,
          -0.03596468777750167,
          -0.32953653085765655
        ],
        [
          0.0,
          0.0,
          0.0,
          1.0
        ]
      ]
    },
    {
      "file_path": "images/29_Camera2.jpg",
      "sharpness": 423.56379942763084,
      "transform_matrix": [
        [
          -0.3369526535809958,
          0.002596936233800079,
          -0.9415180110825767,
          -3.5029053359103908
        ],
        [
          0.9139474291487495,
          -0.23933825139932333,
          -0.3277457829524789,
          -1.111176183462065
        ],
        [
          -0.22619240933269713,
          -0.9709327769919838,
          0.07827219571789268,
          0.6009234584015625
        ],
        [
          0.0,
          0.0,
          0.0,
          1.0
        ]
      ]
    },
    {
      "file_path": "images/28_Camera2.jpg",
      "sharpness": 451.5030448990024,
      "transform_matrix": [
        [
          -0.3343505711300994,
          -0.12275656531345933,
          -0.9344198848929681,
          -3.7761849476353193
        ],
        [
          0.9242477733300615,
          -0.23662388570462306,
          -0.29962508286539785,
          -1.137803554749858
        ],
        [
          -0.18432511798872372,
          -0.963815315548607,
          0.19257281348097502,
          0.5365950851908341
        ],
        [
          0.0,
          0.0,
          0.0,
          1.0
        ]
      ]
    },
    {
      "file_path": "images/31_Camera2.jpg",
      "sharpness": 424.2010130028799,
      "transform_matrix": [
        [
          -0.3259233293651002,
          0.2512159652974983,
          -0.9114079888728114,
          -3.399214111575695
        ],
        [
          0.8933943192563697,
          -0.2334843722306294,
          -0.383838036570302,
          -1.2775777540566409
        ],
        [
          -0.3092257650028537,
          -0.939348490599798,
          -0.14833691235116314,
          -0.2963743608240646
        ],
        [
          0.0,
          0.0,
          0.0,
          1.0
        ]
      ]
    },
    {
      "file_path": "images/27_Camera2.jpg",
      "sharpness": 424.82335128104177,
      "transform_matrix": [
        [
          -0.32638164267764097,
          -0.24617306991906107,
          -0.9126192212503735,
          -3.2980774164156474
        ],
        [
          0.9343426299997921,
          -0.23019208425054086,
          -0.2720578140526223,
          -0.8429287620628326
        ],
        [
          -0.14310441338592594,
          -0.941493719625219,
          0.30514046417237956,
          0.8074205475796266
        ],
        [
          0.0,
          0.0,
          0.0,
          1.0
        ]
      ]
    },
    {
      "file_path": "images/26_Camera2.jpg",
      "sharpness": 466.284528336077,
      "transform_matrix": [
        [
          -0.31315018554032786,
          -0.3657075817351014,
          -0.8764672988671571,
          -3.738365988329581
        ],
        [
          0.9440819929551911,
          -0.22013916831583302,
          -0.24545455225885612,
          -1.3837918070041955
        ],
        [
          -0.10318019149618236,
          -0.9043211328561378,
          0.41419456400609456,
          1.4112881553822663
        ],
        [
          0.0,
          0.0,
          0.0,
          1.0
        ]
      ]
    },
    {
      "file_path": "images/25_Camera2.jpg",
      "sharpness": 459.29493909222117,
      "transform_matrix": [
        [
          -0.29486283458784457,
          -0.4794642373183257,
          -0.8265409572051141,
          -3.1439199999719047
        ],
        [
          0.9533159496336427,
          -0.20658741863399907,
          -0.22025062703627965,
          -1.1169342230619497
        ],
        [
          -0.06515066383344631,
          -0.8528984017367609,
          0.5179958565630965,
          2.07060484765457
        ],
        [
          0.0,
          0.0,
          0.0,
          1.0
        ]
      ]
    },
    {
      "file_path": "images/24_Camera2.jpg",
      "sharpness": 430.798223323205,
      "transform_matrix": [
        [
          -0.27181178095173597,
          -0.5856689949520164,
          -0.76361651639662,
          -2.666576510223231
        ],
        [
          0.9618938567111922,
          -0.18978091496113533,
          -0.1968334646634321,
          -0.9242891073011618
        ],
        [
          -0.029640583738829846,
          -0.788019690586178,
          0.6149360967967988,
          2.208025160105196
        ],
        [
          0.0,
          0.0,
          0.0,
          1.0
        ]
      ]
    },
    {
      "file_path": "images/19_Camera2.jpg",
      "sharpness": 436.0428141846429,
      "transform_matrix": [
        [
          -0.10013444986553706,
          -0.9502335154816984,
          -0.2950073864014045,
          -0.9917368284751125
        ],
        [
          0.9906717558887095,
          -0.06767574555141449,
          -0.11827707141313885,
          -0.07166952332446036
        ],
        [
          0.09242599255189754,
          -0.30409909496407994,
          0.9481461788365864,
          3.8998066597023975
        ],
        [
          0.0,
          0.0,
          0.0,
          1.0
        ]
      ]
    },
    {
      "file_path": "images/38_Camera2.jpg",
      "sharpness": 462.96248938723056,
      "transform_matrix": [
        [
          -0.13850685761770098,
          0.9059730530752551,
          -0.4000358452943173,
          -1.4970310297306648
        ],
        [
          0.8381435392815213,
          -0.10794501270825567,
          -0.5346618387969043,
          -2.1630680915279235
        ],
        [
          -0.5275710928617143,
          -0.4093417903943152,
          -0.7443843366924565,
          -3.326837809050442
        ],
        [
          0.0,
          0.0,
          0.0,
          1.0
        ]
      ]
    },
    {
      "file_path": "images/37_Camera2.jpg",
      "sharpness": 476.6800055696816,
      "transform_matrix": [
        [
          -0.17644423827070957,
          0.8457595273263373,
          -0.5035456808907883,
          -2.0318260022486228
        ],
        [
          0.8433610196133329,
          -0.133889993735628,
          -0.52039951983823,
          -2.4632080286932276
        ],
        [
          -0.5075525799793045,
          -0.5164922957322446,
          -0.6896564993568778,
          -2.846747787196543
        ],
        [
          0.0,
          0.0,
          0.0,
          1.0
        ]
      ]
    },
    {
      "file_path": "images/01_Camera2.jpg",
      "sharpness": 643.8276501176484,
      "transform_matrix": [
        [
          0.32714739445770097,
          0.3657499302557286,
          0.871321737846265,
          4.50384704674334
        ],
        [
          0.8791816044146419,
          0.22022458615126628,
          -0.4225409307830749,
          -1.7229943462581743
        ],
        [
          -0.3464307850858961,
          0.9042832079984479,
          -0.24951471094186264,
          -1.30981509032024
        ],
        [
          0.0,
          0.0,
          0.0,
          1.0
        ]
      ]
    },
    {
      "file_path": "images/40_Camera2.jpg",
      "sharpness": 436.81755718220097,
      "transform_matrix": [
        [
          -0.05640446773309481,
          0.9827737523148449,
          -0.17599513574731085,
          -0.8742957241270237
        ],
        [
          0.8312099967184603,
          -0.0514284332780236,
          -0.5535747986311271,
          -2.260583954570212
        ],
        [
          -0.5530899361336848,
          -0.17751300807423104,
          -0.8139905740312169,
          -2.8636196819728874
        ],
        [
          0.0,
          0.0,
          0.0,
          1.0
        ]
      ]
    },
    {
      "file_path": "images/03_Camera2.jpg",
      "sharpness": 645.0321259720472,
      "transform_matrix": [
        [
          0.3483756746288855,
          0.12280617533865025,
          0.9292755418343529,
          4.056288038918549
        ],
        [
          0.8990354582994148,
          0.2367860112005608,
          -0.368330869862569,
          -1.3460360462345595
        ],
        [
          -0.2652727542441764,
          0.9637691779145011,
          -0.027916619732903537,
          -0.2071981280074499
        ],
        [
          0.0,
          0.0,
          0.0,
          1.0
        ]
      ]
    },
    {
      "file_path": "images/39_Camera2.jpg",
      "sharpness": 445.2685424770538,
      "transform_matrix": [
        [
          -0.09826610181638243,
          0.9518804736498357,
          -0.29028836894361687,
          -1.423770117745409
        ],
        [
          0.8340738061964044,
          -0.08033579449894629,
          -0.5457719725424655,
          -1.9059595013399366
        ],
        [
          -0.5428302304814158,
          -0.2957528090017344,
          -0.7860442843394212,
          -3.342014253979174
        ],
        [
          0.0,
          0.0,
          0.0,
          1.0
        ]
      ]
    },
    {
      "file_path": "images/07_Camera2.jpg",
      "sharpness": 539.1503477435183,
      "transform_matrix": [
        [
          0.3265086363015891,
          -0.37047241902887174,
          0.8695644295768664,
          3.3446784239504925
        ],
        [
          0.9398360443558986,
          0.2250707073522301,
          -0.25700464294454317,
          -0.8354278601159497
        ],
        [
          -0.10050034947988733,
          0.9011622292971149,
          0.4216708625720665,
          1.5052706361577775
        ],
        [
          0.0,
          0.0,
          0.0,
          1.0
        ]
      ]
    },
    {
      "file_path": "images/41_Camera2.jpg",
      "sharpness": 489.02494418527056,
      "transform_matrix": [
        [
          -0.013492021819830355,
          0.9981689264071936,
          -0.05896405454420562,
          -0.07244476333343981
        ],
        [
          0.8296309213364069,
          -0.021741793464325008,
          -0.5578887244362329,
          -2.206928891262701
        ],
        [
          -0.5581491734209124,
          -0.05644544974037043,
          -0.8278184653127489,
          -3.201981378806164
        ],
        [
          0.0,
          0.0,
          0.0,
          1.0
        ]
      ]
    },
    {
      "file_path": "images/02_Camera2.jpg",
      "sharpness": 683.0580848940743,
      "transform_matrix": [
        [
          0.3403914804169449,
          0.24621946593531968,
          0.907474305245088,
          3.875422565790365
        ],
        [
          0.8889330047176265,
          0.23030790156072276,
          -0.3959247197081998,
          -1.9120094343985081
        ],
        [
          -0.30648287599841495,
          0.9414532623406943,
          -0.1404777621098785,
          -0.6748712955471574
        ],
        [
          0.0,
          0.0,
          0.0,
          1.0
        ]
      ]
    },
    {
      "file_path": "images/42_Camera2.jpg",
      "sharpness": 508.7159021651143,
      "transform_matrix": [
        [
          0.029700051530803087,
          0.9978192273428442,
          0.058946556387675576,
          0.225286082327355
        ],
        [
          0.8293378945832849,
          0.008319348517375055,
          -0.5586854617063507,
          -2.303481836041777
        ],
        [
          -0.5579574926739993,
          0.06547959996967888,
          -0.8272822120995655,
          -2.9287351958893413
        ],
        [
          0.0,
          0.0,
          0.0,
          1.0
        ]
      ]
    },
    {
      "file_path": "images/04_Camera2.jpg",
      "sharpness": 631.7276582664715,
      "transform_matrix": [
        [
          0.35097987326780766,
          -0.0025380455993197154,
          0.9363795634844974,
          3.7245773022910016
        ],
        [
          0.9093563217493542,
          0.2394447583914041,
          -0.34020183398534865,
          -1.3608227714465402
        ],
        [
          -0.22334773057356694,
          0.9709066721891815,
          0.08634827876548538,
          0.5916411364359374
        ],
        [
          0.0,
          0.0,
          0.0,
          1.0
        ]
      ]
    },
    {
      "file_path": "images/43_Camera2.jpg",
      "sharpness": 585.553794130324,
      "transform_matrix": [
        [
          0.07255082452052283,
          0.9817312697469813,
          0.17589795873841105,
          0.6367201476872507
        ],
        [
          0.8303539601729374,
          0.038241401495203865,
          -0.5559225630521127,
          -2.0955563756481053
        ],
        [
          -0.5524931481684494,
          0.18639020694376865,
          -0.8124100024507148,
          -2.925911806260161
        ],
        [
          0.0,
          0.0,
          0.0,
          1.0
        ]
      ]
    },
    {
      "file_path": "images/06_Camera2.jpg",
      "sharpness": 614.3083553958571,
      "transform_matrix": [
        [
          0.33996131656737166,
          -0.25113991049216505,
          0.9062864054049001,
          4.187221577708897
        ],
        [
          0.929912160499424,
          0.23355697488701474,
          -0.28410299771482056,
          -1.4049685071645845
        ],
        [
          -0.1403199098109393,
          0.9393507784251949,
          0.31293839342948326,
          1.7865344414836186
        ],
        [
          0.0,
          0.0,
          0.0,
          1.0
        ]
      ]
    },
    {
      "file_path": "images/46_Camera2.jpg",
      "sharpness": 657.4611048773937,
      "transform_matrix": [
        [
          0.19223903768224543,
          0.8427901185660509,
          0.5027414529003887,
          2.06307899080126
        ],
        [
          0.8409067914838299,
          0.12261968578517263,
          -0.527105474044753,
          -2.0724356961070503
        ],
        [
          -0.5058852839528188,
          0.5240889511917919,
          -0.6851356441014134,
          -2.899959548455081
        ],
        [
          0.0,
          0.0,
          0.0,
          1.0
        ]
      ]
    },
    {
      "file_path": "images/08_Camera2.jpg",
      "sharpness": 511.8545723998528,
      "transform_matrix": [
        [
          0.30802081902003825,
          -0.48396840892689036,
          0.8190834842901958,
          3.303878491568794
        ],
        [
          0.949317162037536,
          0.21301005204570325,
          -0.23113555257059268,
          -1.211497456743947
        ],
        [
          -0.06261070999440332,
          0.8487645709856283,
          0.5250510471689157,
          2.5386356024876364
        ],
        [
          0.0,
          0.0,
          0.0,
          1.0
        ]
      ]
    },
    {
      "file_path": "images/13_Camera2.jpg",
      "sharpness": 436.91185415846206,
      "transform_matrix": [
        [
          0.15267655558266355,
          -0.9058830695978042,
          0.3950515581761983,
          1.5013602476328665
        ],
        [
          0.9851899097061021,
          0.10794394104724893,
          -0.1332251758418741,
          -0.7820079862879569
        ],
        [
          0.07804300913294876,
          0.4095411698932957,
          0.9089473686564593,
          3.3318511679155502
        ],
        [
          0.0,
          0.0,
          0.0,
          1.0
        ]
      ]
    },
    {
      "file_path": "images/49_Camera2.jpg",
      "sharpness": 642.7006976627115,
      "transform_matrix": [
        [
          0.28595502394491573,
          0.5854779341202624,
          0.7585811182496571,
          2.9727933408758966
        ],
        [
          0.8614056933504305,
          0.18972981020583618,
          -0.4711505392720561,
          -1.8692927020739543
        ],
        [
          -0.41977369598388936,
          0.7881739578675915,
          -0.450079833361768,
          -2.0074378667051658
        ],
        [
          0.0,
          0.0,
          0.0,
          1.0
        ]
      ]
    },
    {
      "file_path": "images/14_Camera2.jpg",
      "sharpness": 455.49157268859574,
      "transform_matrix": [
        [
          0.11247480499412058,
          -0.951813477684779,
          0.285307767095657,
          0.7921939781107133
        ],
        [
          0.9892642927155317,
          0.08030131629785335,
          -0.12209773885088424,
          -0.2597988211112247
        ],
        [
          0.09330368418532546,
          0.295977705789609,
          0.9506269616903155,
          3.5934558412925233
        ],
        [
          0.0,
          0.0,
          0.0,
          1.0
        ]
      ]
    },
    {
      "file_path": "images/16_Camera2.jpg",
      "sharpness": 503.18046803262155,
      "transform_matrix": [
        [
          0.027732139217702286,
          -0.9981565737032272,
          0.05398502434390854,
          0.07703096576397206
        ],
        [
          0.9936926827125929,
          0.021657369148417194,
          -0.11002640936905475,
          -0.20963820294256244
        ],
        [
          0.10865441019198203,
          0.05669579136884962,
          0.9924614886666829,
          4.034510206977393
        ],
        [
          0.0,
          0.0,
          0.0,
          1.0
        ]
      ]
    },
    {
      "file_path": "images/50_Camera2.jpg",
      "sharpness": 665.2837079483276,
      "transform_matrix": [
        [
          0.3090054445416985,
          0.4792504015453424,
          0.821483224349824,
          3.4422089794252475
        ],
        [
          0.8699799508973662,
          0.20654299667955336,
          -0.4477442078161076,
          -2.1588071373440836
        ],
        [
          -0.38425319826466525,
          0.8530293331600566,
          -0.35311533029802006,
          -1.6167574515422867
        ],
        [
          0.0,
          0.0,
          0.0,
          1.0
        ]
      ]
    },
    {
      "file_path": "images/12_Camera2.jpg",
      "sharpness": 443.4976311895586,
      "transform_matrix": [
        [
          0.19058658906830686,
          -0.8456615791201341,
          0.49853108799082746,
          2.096455826266524
        ],
        [
          0.9799565570977382,
          0.13389920340883835,
          -0.14749965966487483,
          -0.7095184309881025
        ],
        [
          0.057981879555367134,
          0.5166502656179451,
          0.8542310020010567,
          3.1079054732964315
        ],
        [
          0.0,
          0.0,
          0.0,
          1.0
        ]
      ]
    },
    {
      "file_path": "images/48_Camera2.jpg",
      "sharpness": 641.3700074979979,
      "transform_matrix": [
        [
          0.25852248054724053,
          0.6824649450775678,
          0.6836722356640952,
          3.054568995992927
        ],
        [
          0.8536187096669414,
          0.16991922199288106,
          -0.492404870586703,
          -2.065409414889953
        ],
        [
          -0.45221811734305795,
          0.7108931402203151,
          -0.5386369070477766,
          -2.2595531792521375
        ],
        [
          0.0,
          0.0,
          0.0,
          1.0
        ]
      ]
    },
    {
      "file_path": "images/10_Camera2.jpg",
      "sharpness": 436.71621368409535,
      "transform_matrix": [
        [
          0.2571567068709629,
          -0.6863814215706554,
          0.6802580188868752,
          2.745236740447691
        ],
        [
          0.9663572734548316,
          0.17907566892717194,
          -0.18462265547017068,
          -1.0995725159196044
        ],
        [
          0.004903900940525132,
          0.7048492384717874,
          0.7093401884010962,
          2.888078544228161
        ],
        [
          0.0,
          0.0,
          0.0,
          1.0
        ]
      ]
    },
    {
      "file_path": "images/47_Camera2.jpg",
      "sharpness": 638.0011669577221,
      "transform_matrix": [
        [
          0.22711378632133078,
          0.7686890269755559,
          0.5979435658121337,
          2.2009651654951146
        ],
        [
          0.8467497592721406,
          0.147435698322151,
          -0.5111531669729333,
          -2.0564291806087094
        ],
        [
          -0.4810760577386471,
          0.622398501551112,
          -0.6174025688618148,
          -2.1971913032713384
        ],
        [
          0.0,
          0.0,
          0.0,
          1.0
        ]
      ]
    },
    {
      "file_path": "images/11_Camera2.jpg",
      "sharpness": 464.2849748361196,
      "transform_matrix": [
        [
          0.2255849972257401,
          -0.7721003619985167,
          0.5941148374299288,
          2.8041321568331985
        ],
        [
          0.9736479769725751,
          0.15771849501023533,
          -0.1647255090826746,
          -0.5281960324373142
        ],
        [
          0.03348172717042405,
          0.6156183130624642,
          0.7873328817389803,
          3.1865979995414566
        ],
        [
          0.0,
          0.0,
          0.0,
          1.0
        ]
      ]
    },
    {
      "file_path": "images/44_Camera2.jpg",
      "sharpness": 613.4304804541695,
      "transform_matrix": [
        [
          0.1143827358891283,
          0.9501599496327493,
          0.2900218265413446,
          1.0922227104422375
        ],
        [
          0.8326479112519618,
          0.06754162727554243,
          -0.549668613390236,
          -2.207666246433512
        ],
        [
          -0.5418616481235973,
          0.304358667919088,
          -0.7834231013027977,
          -3.6035736581386058
        ],
        [
          0.0,
          0.0,
          0.0,
          1.0
        ]
      ]
    },
    {
      "file_path": "images/09_Camera2.jpg",
      "sharpness": 499.7302264223329,
      "transform_matrix": [
        [
          0.2847825044353955,
          -0.5898190084200189,
          0.7556536657092969,
          3.176312624452056
        ],
        [
          0.958202825559215,
          0.1976195214330903,
          -0.20686679267712577,
          -0.7588207222099611
        ],
        [
          -0.027317949254779626,
          0.7829815209299362,
          0.621444822675636,
          2.1262310011971493
        ],
        [
          0.0,
          0.0,
          0.0,
          1.0
        ]
      ]
    },
    {
      "file_path": "images/45_Camera2.jpg",
      "sharpness": 600.4298470445265,
      "transform_matrix": [
        [
          0.1544590659147426,
          0.9036009397286827,
          0.39955943075361805,
          1.8290767421165501
        ],
        [
          0.8361759272514249,
          0.09585548937693232,
          -0.5400199477011532,
          -2.251331532633916
        ],
        [
          -0.5262624969850527,
          0.41751295419970635,
          -0.7407636042909286,
          -2.5022291146042654
        ],
        [
          0.0,
          0.0,
          0.0,
          1.0
        ]
      ]
    },
    {
      "file_path": "images/05_Camera2.jpg",
      "sharpness": 623.1187692711145,
      "transform_matrix": [
        [
          0.34816089328218014,
          -0.12784911917765346,
          0.928675721196813,
          4.024124836247122
        ],
        [
          0.9196945156297354,
          0.23839955535966315,
          -0.31197379697424726,
          -1.2409782485812861
        ],
        [
          -0.1815103038569692,
          0.9627150434183854,
          0.2005835358878752,
          1.0581237241467003
        ],
        [
          0.0,
          0.0,
          0.0,
          1.0
        ]
      ]
    },
    {
      "file_path": "images/15_Camera2.jpg",
      "sharpness": 494.7014547360457,
      "transform_matrix": [
        [
          0.0705994526637335,
          -0.9827357723589053,
          0.17101496728560198,
          0.5948950540201365
        ],
        [
          0.9921130442651269,
          0.05137690136965642,
          -0.11433337867071963,
          -0.4418392429954159
        ],
        [
          0.10357328208740545,
          0.17773805376396787,
          0.9786121599394908,
          4.213464405482713
        ],
        [
          0.0,
          0.0,
          0.0,
          1.0
        ]
      ]
    },
    {
      "file_path": "images/18_Camera2.jpg",
      "sharpness": 448.62379761206705,
      "transform_matrix": [
        [
          -0.05831163762099296,
          -0.9817755373396247,
          -0.18087716059640513,
          -0.4187572115825144
        ],
        [
          0.9929671992935316,
          -0.03834028556657961,
          -0.11200965897394986,
          -0.25013551720678423
        ],
        [
          0.10303346113663946,
          -0.1861365542177187,
          0.9771065904852729,
          3.495690084324985
        ],
        [
          0.0,
          0.0,
          0.0,
          1.0
        ]
      ]
    },
    {
      "file_path": "images/17_Camera2.jpg",
      "sharpness": 480.3358432127616,
      "transform_matrix": [
        [
          -0.015475836209249933,
          -0.9978347940549791,
          -0.06392356602107321,
          -0.4169107511758997
        ],
        [
          0.9939791647464984,
          -0.00841752660662389,
          -0.10924543637748865,
          -0.11739304359905667
        ],
        [
          0.10847081919140503,
          -0.06522935724123002,
          0.9919572634128134,
          3.924057845366806
        ],
        [
          0.0,
          0.0,
          0.0,
          1.0
        ]
      ]
    },
    {
      "file_path": "images/20_Camera2.jpg",
      "sharpness": 441.1120244662213,
      "transform_matrix": [
        [
          -0.14027265225162827,
          -0.9037053974054068,
          -0.4045245823885097,
          -1.4020527985696571
        ],
        [
          0.9871287782219945,
          -0.09594838479107483,
          -0.12794796886064305,
          -0.3855464602318695
        ],
        [
          0.07681378975796042,
          -0.4172654577162233,
          0.9055325392273248,
          3.7848968507555107
        ],
        [
          0.0,
          0.0,
          0.0,
          1.0
        ]
      ]
    },
    {
      "file_path": "images/22_Camera2.jpg",
      "sharpness": 407.3701324513832,
      "transform_matrix": [
        [
          -0.21294070292310469,
          -0.768846058567985,
          -0.6029361452832773,
          -2.0972712028631344
        ],
        [
          0.9765525490319599,
          -0.14748785844808515,
          -0.1568198031602085,
          -0.4695852284165286
        ],
        [
          0.031644526716359436,
          -0.6221921486970864,
          0.7822247465582998,
          2.774360081055162
        ],
        [
          0.0,
          0.0,
          0.0,
          1.0
        ]
      ]
    },
    {
      "file_path": "images/23_Camera2.jpg",
      "sharpness": 371.48775765205653,
      "transform_matrix": [
        [
          -0.24435905658145743,
          -0.6826363438773667,
          -0.6886917115156317,
          -2.5829390808655845
        ],
        [
          0.9696807819577254,
          -0.1699727466897405,
          -0.17558031369782665,
          -0.5581109868374841
        ],
        [
          0.00279868157075516,
          -0.7107157571597591,
          0.7034737237494316,
          2.1765324732164633
        ],
        [
          0.0,
          0.0,
          0.0,
          1.0
        ]
      ]
    },
    {
      "file_path": "images/21_Camera2.jpg",
      "sharpness": 416.9300216197056,
      "transform_matrix": [
        [
          -0.1780787978782697,
          -0.8429187472204015,
          -0.5077163847627806,
          -2.2837461512374024
        ],
        [
          0.9823955935463276,
          -0.12269261008726373,
          -0.140873777845137,
          -0.8966955371836635
        ],
        [
          0.05645209990681299,
          -0.5238649721734597,
          0.8499286154998003,
          3.2625119379522065
        ],
        [
          0.0,
          0.0,
          0.0,
          1.0
        ]
      ]
    }
  ]
}