{
  "camera_angle_x": 0.6927523078717723,
  "camera_angle_y": 0.44027889551189303,
  "fl_x": 8334.090786004437,
  "fl_y": 8973.666119165957,
  "k1": 0.010195406795726634,
  "k2": -0.07394793885302169,
  "k3": 0,
  "k4": 0,
  "p1": -0.0002481478660821689,
  "p2": -0.0015792599524758666,
  "is_fisheye": false,
  "cx": 2984.6823675628175,
  "cy": 1620.4481012968054,
  "w": 6016.0,
  "h": 4016.0,
  "aabb_scale": 32,
  "frames": [
    {
      "file_path": "images/29_Camera1.jpg",
      "sharpness": 196.59025951122317,
      "transform_matrix": [
        [
          -0.44637366709652015,
          -0.26134309741621714,
          -0.8558331231615197,
          -3.4118163487136615
        ],
        [
          -0.892490086014009,
          0.06065740728971218,
          0.4469699378118257,
          1.7982222192371358
        ],
        [
          -0.06489988967604174,
          0.963338187927031,
          -0.260321992820643,
          -0.9674942848313393
        ],
        [
          0.0,
          0.0,
          0.0,
          1.0
        ]
      ]
    },
    {
      "file_path": "images/25_Camera1.jpg",
      "sharpness": 174.28078816633902,
      "transform_matrix": [
        [
          -0.8224513346295076,
          -0.16920569838045038,
          -0.5430867644736188,
          -2.1927799846589178
        ],
        [
          -0.5669450659138653,
          0.1660615196353123,
          0.8068437667431309,
          3.1874158311670016
        ],
        [
          -0.046336749633370554,
          0.971490094276831,
          -0.23250785427597281,
          -0.9766098158411343
        ],
        [
          0.0,
          0.0,
          0.0,
          1.0
        ]
      ]
    },
    {
      "file_path": "images/13_Camera1.jpg",
      "sharpness": 186.92153770966658,
      "transform_matrix": [
        [
          -0.6185832941664009,
          0.21142755631975418,
          0.7567384598073491,
          3.2302285443481966
        ],
        [
          0.7842632317392525,
          0.10753927985634736,
          0.611037221967526,
          2.659728417913349
        ],
        [
          0.04781099765372148,
          0.9714595676928552,
          -0.23233686058388506,
          -0.9456959508551179
        ],
        [
          0.0,
          0.0,
          0.0,
          1.0
        ]
      ]
    },
    {
      "file_path": "images/09_Camera1.jpg",
      "sharpness": 137.4693365767409,
      "transform_matrix": [
        [
          -0.16328070184914814,
          0.267636626593428,
          0.9495841450098237,
          3.603632274560933
        ],
        [
          0.9843425186467497,
          -0.020587442166766706,
          0.1750598846369818,
          0.79718311097005
        ],
        [
          0.06640194564394485,
          0.9632999497951475,
          -0.2600845790968263,
          -1.001307360192106
        ],
        [
          0.0,
          0.0,
          0.0,
          1.0
        ]
      ]
    },
    {
      "file_path": "images/33_Camera1.jpg",
      "sharpness": 240.5076444554219,
      "transform_matrix": [
        [
          0.039840624413753606,
          -0.2911670440726535,
          -0.9558422866964058,
          -3.9282138949134806
        ],
        [
          -0.9969393117388514,
          -0.0759811944999732,
          -0.01840833484953587,
          -0.3119723858002019
        ],
        [
          -0.06726613825233979,
          0.9536501509848277,
          -0.2933030107514087,
          -1.25161236545994
        ],
        [
          0.0,
          0.0,
          0.0,
          1.0
        ]
      ]
    },
    {
      "file_path": "images/05_Camera1.jpg",
      "sharpness": 184.39680572740747,
      "transform_matrix": [
        [
          0.33204538558239743,
          0.25499252727354427,
          0.9081435309975984,
          3.551461737055726
        ],
        [
          0.9407473346914063,
          -0.15979602265663398,
          -0.2990981167009346,
          -0.9467529513035603
        ],
        [
          0.068849939574439,
          0.953647755790164,
          -0.2929430723563681,
          -1.1393086503325438
        ],
        [
          0.0,
          0.0,
          0.0,
          1.0
        ]
      ]
    },
    {
      "file_path": "images/37_Camera1.jpg",
      "sharpness": 214.4080287047334,
      "transform_matrix": [
        [
          0.5153944599763954,
          -0.2515261014707258,
          -0.8192088688785514,
          -3.3151377661561425
        ],
        [
          -0.8553723200151551,
          -0.2090323761745525,
          -0.4739658847033415,
          -1.8778267245116074
        ],
        [
          -0.05202638523539612,
          0.9450079819435512,
          -0.3228825935954484,
          -1.4850845956387846
        ],
        [
          0.0,
          0.0,
          0.0,
          1.0
        ]
      ]
    },
    {
      "file_path": "images/21_Camera1.jpg",
      "sharpness": 151.10049723555449,
      "transform_matrix": [
        [
          -0.9947230892281133,
          -0.03792685464788465,
          -0.09532853401629277,
          -0.4656255105527783
        ],
        [
          -0.10126703515501327,
          0.2138778865622793,
          0.9715972608187388,
          3.7186696775388772
        ],
        [
          -0.016460962702870115,
          0.9761238667726926,
          -0.2165900121617569,
          -0.7394160165602484
        ],
        [
          0.0,
          0.0,
          0.0,
          1.0
        ]
      ]
    },
    {
      "file_path": "images/01_Camera1.jpg",
      "sharpness": 210.4438876311804,
      "transform_matrix": [
        [
          0.7452585075099675,
          0.1767550052116568,
          0.6429210099703859,
          2.5582031854055556
        ],
        [
          0.6645551674036406,
          -0.27552767408179385,
          -0.6945868774257878,
          -2.897137576991931
        ],
        [
          0.05437082335611473,
          0.944903259014539,
          -0.3228027952417544,
          -1.0603945439944777
        ],
        [
          0.0,
          0.0,
          0.0,
          1.0
        ]
      ]
    },
    {
      "file_path": "images/17_Camera1.jpg",
      "sharpness": 241.98400546726413,
      "transform_matrix": [
        [
          -0.9207417083675843,
          0.10035707939145018,
          0.37704530634004507,
          1.559877845097828
        ],
        [
          0.3897717928919916,
          0.19278861628430485,
          0.9005056906521222,
          3.560776504771919
        ],
        [
          0.01768207820343861,
          0.976094773059436,
          -0.21662487867524308,
          -1.0238264256293361
        ],
        [
          0.0,
          0.0,
          0.0,
          1.0
        ]
      ]
    }
  ]
}