{
  "camera_angle_x": 0.6896571417889655,
  "camera_angle_y": 0.4646980387147899,
  "fl_x": 8374.654779481565,
  "fl_y": 8486.089624380422,
  "k1": 0.0006235975898924563,
  "k2": -0.0008525940991737916,
  "k3": 0,
  "k4": 0,
  "p1": -7.05733971933731e-05,
  "p2": 4.811231509621766e-05,
  "is_fisheye": false,
  "cx": 3008.6451650750896,
  "cy": 1942.5288222219797,
  "w": 6016.0,
  "h": 4016.0,
  "aabb_scale": 32,
  "frames": [
    {
      "file_path": "images/31_Camera1.jpg",
      "sharpness": 199.2697011980307,
      "transform_matrix": [
        [
          -0.9510035118528188,
          0.08115885941994518,
          0.29833799609282796,
          1.0310211256374664
        ],
        [
          0.30918007071420905,
          0.24983918712568226,
          0.9175990760945298,
          3.9896390787131284
        ],
        [
          -6.52280119095146e-05,
          0.9648801065675158,
          -0.26269064624952065,
          -1.16114009183177
        ],
        [
          0.0,
          0.0,
          0.0,
          1.0
        ]
      ]
    },
    {
      "file_path": "images/27_Camera1.jpg",
      "sharpness": 183.5925637539657,
      "transform_matrix": [
        [
          -0.6844995146961937,
          0.19151123869055203,
          0.7034087430273457,
          2.5646757038202654
        ],
        [
          0.7290133152485468,
          0.1797867756163162,
          0.6604667300506598,
          2.6893252699668753
        ],
        [
          2.321173668787632e-05,
          0.9648834959218371,
          -0.26267820368331707,
          -0.9666782575094001
        ],
        [
          0.0,
          0.0,
          0.0,
          1.0
        ]
      ]
    },
    {
      "file_path": "images/19_Camera1.jpg",
      "sharpness": 140.5929049343531,
      "transform_matrix": [
        [
          0.248590100990602,
          0.2544823585139137,
          0.9345810242167895,
          3.549721453648338
        ],
        [
          0.9686087763441131,
          -0.065320614241195,
          -0.2398546554568268,
          -0.8756571798454255
        ],
        [
          8.628138810346046e-06,
          0.9648688752841308,
          -0.2627319039723127,
          -0.9317962657134294
        ],
        [
          0.0,
          0.0,
          0.0,
          1.0
        ]
      ]
    },
    {
      "file_path": "images/21_Camera1.jpg",
      "sharpness": 151.10049723555449,
      "transform_matrix": [
        [
          -6.194511442285284e-05,
          0.2627198966065076,
          0.9648721428361863,
          3.6596451051544054
        ],
        [
          0.9999999978865998,
          -2.770799404442138e-06,
          6.495478076925964e-05,
          0.09926957183189458
        ],
        [
          1.9738380446532076e-05,
          0.9648721448206562,
          -0.26271989587963784,
          -0.9022965052287844
        ],
        [
          0.0,
          0.0,
          0.0,
          1.0
        ]
      ]
    },
    {
      "file_path": "images/29_Camera1.jpg",
      "sharpness": 196.59025951122317,
      "transform_matrix": [
        [
          -0.844257365689416,
          0.14076344683447609,
          0.5171219899074784,
          2.052137861232553
        ],
        [
          0.53593796293455,
          0.22177515159185218,
          0.8146080542334304,
          3.185127501051508
        ],
        [
          -1.77701701877278e-05,
          0.9648841557961721,
          -0.26267578021042304,
          -0.9721223497072445
        ],
        [
          0.0,
          0.0,
          0.0,
          1.0
        ]
      ]
    },
    {
      "file_path": "images/23_Camera1.jpg",
      "sharpness": 162.66504530773048,
      "transform_matrix": [
        [
          -0.24868440126843555,
          0.2544464733453427,
          0.9345657069994074,
          3.898816488633013
        ],
        [
          0.9685845689459914,
          0.06529246115187488,
          0.23996005358483877,
          0.8987074205668392
        ],
        [
          3.689426028841093e-05,
          0.9648802447198145,
          -0.26269014431392307,
          -0.8464210483347822
        ],
        [
          0.0,
          0.0,
          0.0,
          1.0
        ]
      ]
    },
    {
      "file_path": "images/25_Camera1.jpg",
      "sharpness": 174.28078816633902,
      "transform_matrix": [
        [
          -0.48171925885847994,
          0.23022714750835468,
          0.8455424389860203,
          3.2929801486637644
        ],
        [
          0.8763255983494422,
          0.12651687583160706,
          0.4648084829338871,
          1.8522947908845404
        ],
        [
          3.6143400006078996e-05,
          0.9648776816843176,
          -0.26269955845523635,
          -1.0950173024293122
        ],
        [
          0.0,
          0.0,
          0.0,
          1.0
        ]
      ]
    },
    {
      "file_path": "images/17_Camera1.jpg",
      "sharpness": 241.98400546726413,
      "transform_matrix": [
        [
          0.4816496071355391,
          0.23025741006100311,
          0.8455738767190036,
          3.2893263785548115
        ],
        [
          0.8763638828024878,
          -0.12658157013669066,
          -0.46471867944066714,
          -1.8709217735729338
        ],
        [
          2.9149446682399092e-05,
          0.964861975178962,
          -0.2627572414520421,
          -1.212650738684916
        ],
        [
          0.0,
          0.0,
          0.0,
          1.0
        ]
      ]
    },
    {
      "file_path": "images/15_Camera1.jpg",
      "sharpness": 165.79096652397615,
      "transform_matrix": [
        [
          0.6844148599270836,
          0.19157266311286,
          0.7034743877286949,
          2.9034118261656374
        ],
        [
          0.729092791828057,
          -0.1798074101616224,
          -0.6603733763223192,
          -2.6083561552310854
        ],
        [
          -1.9578578367979318e-05,
          0.9648674571838625,
          -0.26273711122650956,
          -1.0854299324549104
        ],
        [
          0.0,
          0.0,
          0.0,
          1.0
        ]
      ]
    },
    {
      "file_path": "images/39_Camera1.jpg",
      "sharpness": 127.80913657878811,
      "transform_matrix": [
        [
          -0.7708618150516064,
          -0.16746886842171885,
          -0.6145943704072765,
          -2.4407957431838927
        ],
        [
          -0.637002388685965,
          0.20245267633144792,
          0.7438016339418786,
          2.9170882692447058
        ],
        [
          -0.0001373428192775686,
          0.9648663596011694,
          -0.26274110675408596,
          -0.9652226550710378
        ],
        [
          0.0,
          0.0,
          0.0,
          1.0
        ]
      ]
    },
    {
      "file_path": "images/03_Camera1.jpg",
      "sharpness": 206.52429596973386,
      "transform_matrix": [
        [
          0.7706757880184444,
          -0.1673789989017586,
          -0.6148520963778364,
          -2.379205327580014
        ],
        [
          -0.6372274543283313,
          -0.20248337860046245,
          -0.7436004658691229,
          -3.235746456298866
        ],
        [
          -3.422825410636499e-05,
          0.9648755111678549,
          -0.26270753074174047,
          -1.039406691448351
        ],
        [
          0.0,
          0.0,
          0.0,
          1.0
        ]
      ]
    },
    {
      "file_path": "images/41_Camera1.jpg",
      "sharpness": 141.15339121700077,
      "transform_matrix": [
        [
          -0.588323013305299,
          -0.21256706997168295,
          -0.7801866909339403,
          -3.1816038476214503
        ],
        [
          -0.8086260020378636,
          0.15448288611741948,
          0.5676786297942643,
          2.5974973112763244
        ],
        [
          -0.0001442912950321708,
          0.9648576468026473,
          -0.26277309702080437,
          -1.1661922952985389
        ],
        [
          0.0,
          0.0,
          0.0,
          1.0
        ]
      ]
    },
    {
      "file_path": "images/07_Camera1.jpg",
      "sharpness": 174.4208738855391,
      "transform_matrix": [
        [
          0.9823220095321757,
          -0.04915559380083568,
          -0.18063000060394166,
          -0.8713910393155054
        ],
        [
          -0.18719900801360817,
          -0.2580991583692356,
          -0.9478087126882794,
          -3.588668944544767
        ],
        [
          -3.0351050313873755e-05,
          0.9648671162306106,
          -0.2627383623056671,
          -1.0825378964582486
        ],
        [
          0.0,
          0.0,
          0.0,
          1.0
        ]
      ]
    },
    {
      "file_path": "images/45_Camera1.jpg",
      "sharpness": 188.76466042524513,
      "transform_matrix": [
        [
          -0.12624322563418464,
          -0.2607619083155381,
          -0.9571133031593178,
          -3.672044535122517
        ],
        [
          -0.9919993037212406,
          0.03301816593843293,
          0.12184901367936977,
          0.33474184326870066
        ],
        [
          -0.00017145546780254352,
          0.9648383428436079,
          -0.2628439512586283,
          -0.991755367700788
        ],
        [
          0.0,
          0.0,
          0.0,
          1.0
        ]
      ]
    },
    {
      "file_path": "images/13_Camera1.jpg",
      "sharpness": 186.92153770966658,
      "transform_matrix": [
        [
          0.8442225932061355,
          0.1408352303704763,
          0.5171592123690992,
          2.248430739072425
        ],
        [
          0.5359927358926658,
          -0.22180299410428392,
          -0.8145644350673983,
          -3.4251211398031973
        ],
        [
          -1.1908132234506089e-05,
          0.9648672808358997,
          -0.2627377592999494,
          -1.0840576472171808
        ],
        [
          0.0,
          0.0,
          0.0,
          1.0
        ]
      ]
    },
    {
      "file_path": "images/47_Camera1.jpg",
      "sharpness": 302.624951722702,
      "transform_matrix": [
        [
          0.12427605704636194,
          -0.260819251555203,
          -0.957355095873322,
          -4.013283801265307
        ],
        [
          -0.9922476667070449,
          -0.03283400701874703,
          -0.119860318277225,
          -0.39274443390457014
        ],
        [
          -0.00017192543310364745,
          0.964829127842219,
          -0.26287777471725043,
          -1.2653332610134391
        ],
        [
          0.0,
          0.0,
          0.0,
          1.0
        ]
      ]
    },
    {
      "file_path": "images/11_Camera1.jpg",
      "sharpness": 135.10936721805612,
      "transform_matrix": [
        [
          0.9509884865123814,
          0.08123710924408555,
          0.2983645932981652,
          1.467774259062797
        ],
        [
          0.30922628998179114,
          -0.24985548288222703,
          -0.9175790643087854,
          -3.736138645905516
        ],
        [
          6.558846133689974e-06,
          0.9648693018699767,
          -0.2627303374133834,
          -1.040023010245834
        ],
        [
          0.0,
          0.0,
          0.0,
          1.0
        ]
      ]
    },
    {
      "file_path": "images/49_Camera1.jpg",
      "sharpness": 223.87488315507431,
      "transform_matrix": [
        [
          0.3670358001600332,
          -0.24449974977477681,
          -0.8974990772654757,
          -3.556985132838918
        ],
        [
          -0.9302067921749768,
          -0.09669381743766031,
          -0.3540700911696321,
          -1.4941815511136323
        ],
        [
          -0.0002125632338690603,
          0.9648161368683017,
          -0.2629254205793396,
          -0.9651935593700017
        ],
        [
          0.0,
          0.0,
          0.0,
          1.0
        ]
      ]
    },
    {
      "file_path": "images/43_Camera1.jpg",
      "sharpness": 225.91742988932182,
      "transform_matrix": [
        [
          -0.36885595766150675,
          -0.2443373993605119,
          -0.8967968095966775,
          -3.5587263382084267
        ],
        [
          -0.9294865541974522,
          0.09678859593292732,
          0.3559307703240604,
          1.1691185592632143
        ],
        [
          -0.00016749473537336056,
          0.9648477615163636,
          -0.2628093776367215,
          -1.176900164102157
        ],
        [
          0.0,
          0.0,
          0.0,
          1.0
        ]
      ]
    },
    {
      "file_path": "images/09_Camera1.jpg",
      "sharpness": 137.4693365767409,
      "transform_matrix": [
        [
          0.9980131267917611,
          0.016558578076647096,
          0.060791546902808274,
          0.38300310962827977
        ],
        [
          0.06300633827796695,
          -0.2622177516244808,
          -0.9629496622720234,
          -3.6124587737619795
        ],
        [
          -4.4544199837130495e-06,
          0.964866656155772,
          -0.262740053570753,
          -1.0128381442423022
        ],
        [
          0.0,
          0.0,
          0.0,
          1.0
        ]
      ]
    },
    {
      "file_path": "images/37_Camera1.jpg",
      "sharpness": 214.4080287047334,
      "transform_matrix": [
        [
          -0.9050211665595816,
          -0.11183082859103272,
          -0.41040291639704723,
          -1.5990506453599325
        ],
        [
          -0.42536652501541355,
          0.23773887071763614,
          0.8732373954121605,
          3.456893658688829
        ],
        [
          -8.613560215861215e-05,
          0.9648699886833678,
          -0.26272780106079463,
          -1.253710950788416
        ],
        [
          0.0,
          0.0,
          0.0,
          1.0
        ]
      ]
    },
    {
      "file_path": "images/05_Camera1.jpg",
      "sharpness": 184.39680572740747,
      "transform_matrix": [
        [
          0.9049369084918921,
          -0.11176003319943006,
          -0.4106079475117655,
          -1.3318729283813109
        ],
        [
          -0.4255457547227406,
          -0.23776843165512707,
          -0.8731420179705676,
          -3.3912979502522345
        ],
        [
          -4.722678879530889e-05,
          0.9648709073357064,
          -0.26272443715464633,
          -1.031886105683336
        ],
        [
          0.0,
          0.0,
          0.0,
          1.0
        ]
      ]
    },
    {
      "file_path": "images/35_Camera1.jpg",
      "sharpness": 195.97284235841343,
      "transform_matrix": [
        [
          -0.9823507422754022,
          -0.04921423114226778,
          -0.18045769181574628,
          -1.0191353581076696
        ],
        [
          -0.18704815676474204,
          0.25806219028104677,
          0.9478485601604622,
          4.023346510864649
        ],
        [
          -7.833092456902665e-05,
          0.9648740152664563,
          -0.2627130153975575,
          -1.0854220843166373
        ],
        [
          0.0,
          0.0,
          0.0,
          1.0
        ]
      ]
    },
    {
      "file_path": "images/01_Camera1.jpg",
      "sharpness": 210.4438876311804,
      "transform_matrix": [
        [
          0.5879255518920361,
          -0.21242411862946892,
          -0.7805251688372149,
          -3.14333699731488
        ],
        [
          -0.8089150393380197,
          -0.15447183604282827,
          -0.5672696986463559,
          -2.2282751303273267
        ],
        [
          -6.73901477666284e-05,
          0.9648908983025581,
          -0.2626510037347567,
          -0.7968986676392927
        ],
        [
          0.0,
          0.0,
          0.0,
          1.0
        ]
      ]
    },
    {
      "file_path": "images/33_Camera1.jpg",
      "sharpness": 240.5076444554219,
      "transform_matrix": [
        [
          -0.9980119900712752,
          0.016447636748194983,
          0.0608403061366131,
          0.014329798194559772
        ],
        [
          0.06302423995144721,
          0.2621853864415263,
          0.9629573034745877,
          3.904027679341708
        ],
        [
          -0.00011306724407714411,
          0.964877348847016,
          -0.26270075909516677,
          -1.1133075363852363
        ],
        [
          0.0,
          0.0,
          0.0,
          1.0
        ]
      ]
    }
  ]
}