{
  "camera_angle_x": 0.9434463779938234,
  "camera_angle_y": 0.6602009467099511,
  "fl_x": 5896.471207147872,
  "fl_y": 5860.427282608564,
  "k1": 0.00010079548868498319,
  "k2": 9.348720364535135e-05,
  "k3": 0,
  "k4": 0,
  "p1": 7.257144873561584e-05,
  "p2": 8.439089906663197e-05,
  "is_fisheye": false,
  "cx": 3036.818780350334,
  "cy": 2008.710426708183,
  "w": 6016.0,
  "h": 4016.0,
  "aabb_scale": 32,
  "frames": [
    {
      "file_path": "images/31_Camera2.jpg",
      "sharpness": 424.2010130028799,
      "transform_matrix": [
        [
          -0.45993946367619437,
          -0.05104397058982249,
          -0.8864819247050322,
          -3.299224801376872
        ],
        [
          0.6397265541477407,
          0.6733082646159546,
          -0.3706830408297484,
          -1.528408192832342
        ],
        [
          0.6157967405708163,
          -0.7375977859989025,
          -0.27702685870076554,
          -0.7921464689292341
        ],
        [
          0.0,
          0.0,
          0.0,
          1.0
        ]
      ]
    },
    {
      "file_path": "images/27_Camera2.jpg",
      "sharpness": 424.82335128104177,
      "transform_matrix": [
        [
          -0.40929729317173097,
          -0.5219788754814564,
          -0.7483406840219682,
          -2.8709187913532515
        ],
        [
          0.5334872929687399,
          0.5284604106280034,
          -0.6603945053378683,
          -2.1163752937053224
        ],
        [
          0.7401804064382831,
          -0.6695279291975287,
          0.06217168164900573,
          0.1608210104067685
        ],
        [
          0.0,
          0.0,
          0.0,
          1.0
        ]
      ]
    },
    {
      "file_path": "images/29_Camera2.jpg",
      "sharpness": 423.56379942763084,
      "transform_matrix": [
        [
          -0.4448548668611253,
          -0.2958307581221503,
          -0.8453332538046181,
          -3.1169913681401087
        ],
        [
          0.583447756700209,
          0.6203735068201063,
          -0.5241425638868656,
          -2.166901441364352
        ],
        [
          0.6794798471331612,
          -0.726375161070533,
          -0.10337438159133706,
          -0.14822716507732897
        ],
        [
          0.0,
          0.0,
          0.0,
          1.0
        ]
      ]
    },
    {
      "file_path": "images/19_Camera2.jpg",
      "sharpness": 436.0428141846429,
      "transform_matrix": [
        [
          -0.12261496521903968,
          -0.9919059699938648,
          0.032986618558480785,
          0.2801311099815098
        ],
        [
          0.44960836322196596,
          -0.0851482247018207,
          -0.8891580847024181,
          -3.405459069046765
        ],
        [
          0.8847699644938097,
          -0.09419302805170918,
          0.45640966624931456,
          2.1857659989059273
        ],
        [
          0.0,
          0.0,
          0.0,
          1.0
        ]
      ]
    },
    {
      "file_path": "images/25_Camera2.jpg",
      "sharpness": 459.29493909222117,
      "transform_matrix": [
        [
          -0.35546817809734965,
          -0.7153459556260826,
          -0.6015999818306316,
          -2.2990737887136676
        ],
        [
          0.4929568764548587,
          0.40336377931535633,
          -0.7709028340413475,
          -3.209484425502048
        ],
        [
          0.7941258668194162,
          -0.5705942738252892,
          0.20925172012635843,
          0.6030050109539085
        ],
        [
          0.0,
          0.0,
          0.0,
          1.0
        ]
      ]
    },
    {
      "file_path": "images/17_Camera2.jpg",
      "sharpness": 480.3358432127616,
      "transform_matrix": [
        [
          -0.037553807060284744,
          -0.9635406522568495,
          0.2649134255427283,
          0.8378004394949425
        ],
        [
          0.46427501356364526,
          -0.25157486324246303,
          -0.8492106923524293,
          -3.2773587445738266
        ],
        [
          0.8848945832147548,
          0.0911015897429078,
          0.45679544327109733,
          2.0833999910125036
        ],
        [
          0.0,
          0.0,
          0.0,
          1.0
        ]
      ]
    },
    {
      "file_path": "images/21_Camera2.jpg",
      "sharpness": 416.9300216197056,
      "transform_matrix": [
        [
          -0.207486713848873,
          -0.9579327998335891,
          -0.19827761998832685,
          -1.1074480130827231
        ],
        [
          0.44963669564126735,
          0.08661932344165993,
          -0.8890016506058867,
          -3.758049996835512
        ],
        [
          0.8687785135185906,
          -0.27360892496160555,
          0.41274937998683986,
          1.3231158689981821
        ],
        [
          0.0,
          0.0,
          0.0,
          1.0
        ]
      ]
    },
    {
      "file_path": "images/23_Camera2.jpg",
      "sharpness": 371.48775765205653,
      "transform_matrix": [
        [
          -0.2867371956905904,
          -0.8637755088076479,
          -0.41433519160293897,
          -1.763794163330869
        ],
        [
          0.46441245334907116,
          0.25295110214505706,
          -0.8487265832637607,
          -2.8108558470297647
        ],
        [
          0.837915779670678,
          -0.4357839032342856,
          0.328617613512284,
          1.0513556746813686
        ],
        [
          0.0,
          0.0,
          0.0,
          1.0
        ]
      ]
    },
    {
      "file_path": "images/15_Camera2.jpg",
      "sharpness": 494.7014547360457,
      "transform_matrix": [
        [
          0.04244133496014673,
          -0.874627245104802,
          0.4829346904253658,
          1.9135165929342188
        ],
        [
          0.4927147327869413,
          -0.4021799340161492,
          -0.7716757692257405,
          -3.381216936415421
        ],
        [
          0.8691552940814214,
          0.27069998674881685,
          0.413872676066162,
          1.8347102296772106
        ],
        [
          0.0,
          0.0,
          0.0,
          1.0
        ]
      ]
    },
    {
      "file_path": "images/37_Camera2.jpg",
      "sharpness": 476.6800055696816,
      "transform_matrix": [
        [
          -0.37953352897096027,
          0.6410542920800004,
          -0.6670859727214459,
          -2.754447453141564
        ],
        [
          0.8103773026907025,
          0.5782210919599767,
          0.09459913391270176,
          0.20923714471773336
        ],
        [
          0.4463663603999658,
          -0.5046877881053247,
          -0.7389501396511006,
          -3.3614135106234557
        ],
        [
          0.0,
          0.0,
          0.0,
          1.0
        ]
      ]
    },
    {
      "file_path": "images/03_Camera2.jpg",
      "sharpness": 645.0321259720472,
      "transform_matrix": [
        [
          0.19197178547415386,
          0.41207785370740085,
          0.8906956135935695,
          3.8286289597578533
        ],
        [
          0.8101470150345755,
          -0.5787774045560415,
          0.09315862840670591,
          0.6022916817409609
        ],
        [
          0.5539031031332983,
          0.7037105644296614,
          -0.44495257488762524,
          -1.8060868292222914
        ],
        [
          0.0,
          0.0,
          0.0,
          1.0
        ]
      ]
    },
    {
      "file_path": "images/43_Camera2.jpg",
      "sharpness": 585.553794130324,
      "transform_matrix": [
        [
          -0.15766968446477755,
          0.9855209966759368,
          -0.062358926551883,
          -0.26209590610391836
        ],
        [
          0.9123672101091482,
          0.1695432734332722,
          0.37261394551446836,
          1.278359123617674
        ],
        [
          0.3777914034941639,
          0.0018556833728992043,
          -0.9258888766665616,
          -3.4577647301791274
        ],
        [
          0.0,
          0.0,
          0.0,
          1.0
        ]
      ]
    },
    {
      "file_path": "images/01_Camera2.jpg",
      "sharpness": 643.8276501176484,
      "transform_matrix": [
        [
          0.14692557783654436,
          0.6235095433473393,
          0.7678858795037502,
          3.9196659681560515
        ],
        [
          0.8557128505961563,
          -0.46951627432770177,
          0.21750858720223867,
          1.3863151380704608
        ],
        [
          0.4961535971340445,
          0.6251322400235911,
          -0.6025290786209188,
          -2.7843396125746165
        ],
        [
          0.0,
          0.0,
          0.0,
          1.0
        ]
      ]
    },
    {
      "file_path": "images/41_Camera2.jpg",
      "sharpness": 489.02494418527056,
      "transform_matrix": [
        [
          -0.2408429532961354,
          0.9264936968163907,
          -0.289143738677067,
          -1.0198093912464925
        ],
        [
          0.8906606168499674,
          0.3293511034212215,
          0.3134509791152981,
          1.2185506850160592
        ],
        [
          0.3856401657918791,
          -0.18203648112472867,
          -0.904513339933401,
          -3.6060911698188463
        ],
        [
          0.0,
          0.0,
          0.0,
          1.0
        ]
      ]
    },
    {
      "file_path": "images/09_Camera2.jpg",
      "sharpness": 499.7302264223329,
      "transform_matrix": [
        [
          0.2049768714641384,
          -0.3172060018364907,
          0.9259399735256822,
          3.712480650107934
        ],
        [
          0.6393936022544311,
          -0.6728686890065818,
          -0.37205315318022225,
          -1.1542757964283705
        ],
        [
          0.7410535092759726,
          0.6683023865012081,
          0.06489696939221397,
          0.07954090474736027
        ],
        [
          0.0,
          0.0,
          0.0,
          1.0
        ]
      ]
    },
    {
      "file_path": "images/45_Camera2.jpg",
      "sharpness": 600.4298470445265,
      "transform_matrix": [
        [
          -0.0719880231446974,
          0.9826224291478199,
          0.1710873644323676,
          1.0188529356525347
        ],
        [
          0.9197159500540016,
          -0.000974436740472156,
          0.3925832672567479,
          1.2184658174181668
        ],
        [
          0.3859278375283475,
          0.18561307125064988,
          -0.903663373193432,
          -3.5163194815121614
        ],
        [
          0.0,
          0.0,
          0.0,
          1.0
        ]
      ]
    },
    {
      "file_path": "images/11_Camera2.jpg",
      "sharpness": 464.2849748361196,
      "transform_matrix": [
        [
          0.16761948858040343,
          -0.5409594785352723,
          0.8241762855360186,
          3.6884627918338944
        ],
        [
          0.5831096184661114,
          -0.6196857515949721,
          -0.5253310786191506,
          -1.9646353169881645
        ],
        [
          0.7949131272973277,
          0.5686408461412584,
          0.2115672663714171,
          0.9025538750459561
        ],
        [
          0.0,
          0.0,
          0.0,
          1.0
        ]
      ]
    },
    {
      "file_path": "images/49_Camera2.jpg",
      "sharpness": 642.7006976627115,
      "transform_matrix": [
        [
          0.08522257428876241,
          0.7956175687429344,
          0.5997747886900856,
          2.2450938005763645
        ],
        [
          0.8903502743809486,
          -0.331010408748304,
          0.31258358602257086,
          1.3896856823035284
        ],
        [
          0.44722869070145876,
          0.5073704697957367,
          -0.7365878797824809,
          -3.080803574713405
        ],
        [
          0.0,
          0.0,
          0.0,
          1.0
        ]
      ]
    },
    {
      "file_path": "images/47_Camera2.jpg",
      "sharpness": 638.0011669577221,
      "transform_matrix": [
        [
          0.010701568366701919,
          0.9179689028180023,
          0.396507969532346,
          1.4600755931634197
        ],
        [
          0.9122157223308636,
          -0.17137891383220344,
          0.3721447888480428,
          1.2011977461525052
        ],
        [
          0.4095704486525412,
          0.35771827093672387,
          -0.839219688924381,
          -3.2369706294139373
        ],
        [
          0.0,
          0.0,
          0.0,
          1.0
        ]
      ]
    },
    {
      "file_path": "images/13_Camera2.jpg",
      "sharpness": 436.91185415846206,
      "transform_matrix": [
        [
          0.11231354909499412,
          -0.7307538590476043,
          0.6733382984694832,
          2.5105631727937627
        ],
        [
          0.5331887020199271,
          -0.527492747899748,
          -0.6614085038704581,
          -2.611338880945694
        ],
        [
          0.8385078859360483,
          0.43330150985255117,
          0.33038511896315303,
          0.9461221500588971
        ],
        [
          0.0,
          0.0,
          0.0,
          1.0
        ]
      ]
    },
    {
      "file_path": "images/39_Camera2.jpg",
      "sharpness": 445.2685424770538,
      "transform_matrix": [
        [
          -0.3163760109096392,
          0.8092050885869614,
          -0.495069029868492,
          -2.368835893840095
        ],
        [
          0.8559194202002323,
          0.46852241916908405,
          0.21883484389083627,
          1.0905722949608012
        ],
        [
          0.40903320876627597,
          -0.3545051020459146,
          -0.8408436042448785,
          -3.2497977555808273
        ],
        [
          0.0,
          0.0,
          0.0,
          1.0
        ]
      ]
    },
    {
      "file_path": "images/07_Camera2.jpg",
      "sharpness": 539.1503477435183,
      "transform_matrix": [
        [
          0.22196754500743224,
          -0.07352138031048848,
          0.9722782603810866,
          3.6760212747099015
        ],
        [
          0.6984399911896869,
          -0.6838079871976419,
          -0.21115921810884541,
          -0.6619827135550643
        ],
        [
          0.680376357407862,
          0.7259485128637996,
          -0.10043290795842308,
          -0.346942744781009
        ],
        [
          0.0,
          0.0,
          0.0,
          1.0
        ]
      ]
    },
    {
      "file_path": "images/35_Camera2.jpg",
      "sharpness": 480.93451799416147,
      "transform_matrix": [
        [
          -0.4262548290616331,
          0.43260041498858537,
          -0.7944581182557078,
          -2.898291655911316
        ],
        [
          0.7568631701640134,
          0.6515572471442664,
          -0.05129615369347467,
          -0.6195577138993216
        ],
        [
          0.495444207126988,
          -0.6231613231696825,
          -0.6051487445078761,
          -2.59314182736285
        ],
        [
          0.0,
          0.0,
          0.0,
          1.0
        ]
      ]
    },
    {
      "file_path": "images/05_Camera2.jpg",
      "sharpness": 623.1187692711145,
      "transform_matrix": [
        [
          0.21755035526886762,
          0.17476992855128884,
          0.9602746039574436,
          4.201587347341169
        ],
        [
          0.7565611360913678,
          -0.6517900178575262,
          -0.052773288869504886,
          -0.33617343404905675
        ],
        [
          0.6166742173364114,
          0.7379872930719992,
          -0.2740212856449768,
          -1.0215093960803483
        ],
        [
          0.0,
          0.0,
          0.0,
          1.0
        ]
      ]
    },
    {
      "file_path": "images/33_Camera2.jpg",
      "sharpness": 494.19126186954657,
      "transform_matrix": [
        [
          -0.4536181782528722,
          0.19698174008354769,
          -0.8691540383851769,
          -3.410554801602984
        ],
        [
          0.6987607315988759,
          0.683934131627851,
          -0.2096843904789785,
          -0.8112968681874451
        ],
        [
          0.5531401163888988,
          -0.7024473629512817,
          -0.4478880596463853,
          -1.8004757024149831
        ],
        [
          0.0,
          0.0,
          0.0,
          1.0
        ]
      ]
    }
  ]
}