{
  "camera_angle_x": 0.6900442079429676,
  "camera_angle_y": 0.46353738314598203,
  "fl_x": 8369.562938042609,
  "fl_y": 8508.121489549136,
  "k1": 0.00018540596977143672,
  "k2": -0.0006869347114199772,
  "k3": 0,
  "k4": 0,
  "p1": 3.276516182482605e-06,
  "p2": 3.0417144491033647e-05,
  "is_fisheye": false,
  "cx": 3008.4274363581494,
  "cy": 1932.9830888031058,
  "w": 6016.0,
  "h": 4016.0,
  "aabb_scale": 32,
  "frames": [
    {
      "file_path": "images/37_Camera1.jpg",
      "sharpness": 214.4080287047334,
      "transform_matrix": [
        [
          0.3137810620847769,
          -0.24978373298202533,
          -0.9160510530215489,
          -3.6016015544807636
        ],
        [
          -0.9494953606164981,
          -0.08261992268471215,
          -0.3027086198694597,
          -1.146076565467145
        ],
        [
          -7.237809905893036e-05,
          0.9647704571766743,
          -0.2630930627132743,
          -1.262855454421872
        ],
        [
          0.0,
          0.0,
          0.0,
          1.0
        ]
      ]
    },
    {
      "file_path": "images/35_Camera1.jpg",
      "sharpness": 195.97284235841343,
      "transform_matrix": [
        [
          0.06782065979581213,
          -0.2624808664125684,
          -0.962550857253549,
          -4.092488206996865
        ],
        [
          -0.9976975274870374,
          -0.017883171627614616,
          -0.06542045413127938,
          -0.5046076031768891
        ],
        [
          -4.1844699090911755e-05,
          0.9647714687257204,
          -0.2630893599315016,
          -1.0957159191626278
        ],
        [
          0.0,
          0.0,
          0.0,
          1.0
        ]
      ]
    },
    {
      "file_path": "images/34_Camera1.jpg",
      "sharpness": 212.23368332167288,
      "transform_matrix": [
        [
          -0.05773602576501639,
          -0.2626478933915632,
          -0.9631628290965192,
          -3.8822579980982077
        ],
        [
          -0.9983318839258183,
          0.015161153240332598,
          0.05570986420289088,
          0.22733018991353313
        ],
        [
          -2.9419226694731818e-05,
          0.9647726278542322,
          -0.2630851109528578,
          -0.9929217717214549
        ],
        [
          0.0,
          0.0,
          0.0,
          1.0
        ]
      ]
    },
    {
      "file_path": "images/33_Camera1.jpg",
      "sharpness": 240.5076444554219,
      "transform_matrix": [
        [
          -0.18238663719530565,
          -0.25867298260460525,
          -0.9485902184665411,
          -3.850702583014977
        ],
        [
          -0.983226888145048,
          0.04795232563033464,
          0.17597005681422492,
          0.5034457829133178
        ],
        [
          -3.159239957950117e-05,
          0.9647739955371022,
          -0.26308009515093517,
          -1.1234026476501637
        ],
        [
          0.0,
          0.0,
          0.0,
          1.0
        ]
      ]
    },
    {
      "file_path": "images/32_Camera1.jpg",
      "sharpness": 229.08849388739813,
      "transform_matrix": [
        [
          -0.30416025319493095,
          -0.2506275099233146,
          -0.919060602775143,
          -3.798160048550356
        ],
        [
          -0.9526208789905264,
          0.07998608172637772,
          0.29345474547420847,
          1.0396070846107828
        ],
        [
          -3.577564831438525e-05,
          0.964773588945909,
          -0.2630815856723202,
          -0.9850514990630288
        ],
        [
          0.0,
          0.0,
          0.0,
          1.0
        ]
      ]
    },
    {
      "file_path": "images/27_Camera1.jpg",
      "sharpness": 183.5925637539657,
      "transform_matrix": [
        [
          -0.8059628421368937,
          -0.155722960857263,
          -0.5711166750181983,
          -2.3438386626414784
        ],
        [
          -0.5919661279319678,
          0.21205073814031414,
          0.7775670953913462,
          2.8803427044007357
        ],
        [
          2.0662142328598935e-05,
          0.9647719128616418,
          -0.2630877337575692,
          -0.9777852524158451
        ],
        [
          0.0,
          0.0,
          0.0,
          1.0
        ]
      ]
    },
    {
      "file_path": "images/31_Camera1.jpg",
      "sharpness": 199.2697011980307,
      "transform_matrix": [
        [
          -0.4211417023607624,
          -0.23862319895850814,
          -0.8750420763476813,
          -3.813664853863193
        ],
        [
          -0.9069948544597509,
          0.11077523286993114,
          0.4063116805681338,
          1.519274066709944
        ],
        [
          -2.240321297315226e-05,
          0.9647734535266503,
          -0.2630820837603451,
          -1.1709259550203388
        ],
        [
          0.0,
          0.0,
          0.0,
          1.0
        ]
      ]
    },
    {
      "file_path": "images/29_Camera1.jpg",
      "sharpness": 196.59025951122317,
      "transform_matrix": [
        [
          -0.6334475196016289,
          -0.20356395957916953,
          -0.7465292721644401,
          -2.895684372178723
        ],
        [
          -0.7737856549507075,
          0.16665503710943314,
          0.6111316215010578,
          2.432928343100241
        ],
        [
          8.490859049226568e-06,
          0.9647734515916032,
          -0.26308209167341495,
          -0.9832128211272494
        ],
        [
          0.0,
          0.0,
          0.0,
          1.0
        ]
      ]
    },
    {
      "file_path": "images/30_Camera1.jpg",
      "sharpness": 206.78943140971091,
      "transform_matrix": [
        [
          -0.531483777776573,
          -0.22284706381870648,
          -0.8172295760893006,
          -3.2846540366438415
        ],
        [
          -0.8470684706285048,
          0.13982554194575536,
          0.5127609812442983,
          2.1162394746052056
        ],
        [
          2.2892596956750076e-06,
          0.9647735505784879,
          -0.2630817287959515,
          -1.2350259149421925
        ],
        [
          0.0,
          0.0,
          0.0,
          1.0
        ]
      ]
    },
    {
      "file_path": "images/28_Camera1.jpg",
      "sharpness": 197.277277648196,
      "transform_matrix": [
        [
          -0.7254259909592728,
          -0.18106813114481474,
          -0.6640568224571264,
          -2.637651377312657
        ],
        [
          -0.6883001752148294,
          0.19086268903814635,
          0.6998673465252659,
          2.5092573556674096
        ],
        [
          1.9998323683653337e-05,
          0.9647723906429715,
          -0.2630859817254467,
          -1.0944261415262375
        ],
        [
          0.0,
          0.0,
          0.0,
          1.0
        ]
      ]
    },
    {
      "file_path": "images/26_Camera1.jpg",
      "sharpness": 178.63286320303823,
      "transform_matrix": [
        [
          -0.8737927150144623,
          -0.12792846446693484,
          -0.46917011743520254,
          -1.8055707671802337
        ],
        [
          -0.4862985615257665,
          0.22989212614738735,
          0.8430084930730878,
          3.506805177119847
        ],
        [
          1.3733770573437055e-05,
          0.9647714331621977,
          -0.26308949331524345,
          -0.8789518840436914
        ],
        [
          0.0,
          0.0,
          0.0,
          1.0
        ]
      ]
    },
    {
      "file_path": "images/25_Camera1.jpg",
      "sharpness": 174.28078816633902,
      "transform_matrix": [
        [
          -0.9278477878391349,
          -0.09811590513271715,
          -0.35982183325833017,
          -1.4290470491901583
        ],
        [
          -0.37295908951956064,
          0.24411635531213333,
          0.8951584902204828,
          3.500729069065797
        ],
        [
          9.10899153442544e-06,
          0.9647696482377814,
          -0.2630960388974011,
          -1.1052363855143406
        ],
        [
          0.0,
          0.0,
          0.0,
          1.0
        ]
      ]
    },
    {
      "file_path": "images/24_Camera1.jpg",
      "sharpness": 158.06020592529796,
      "transform_matrix": [
        [
          -0.9672713412951174,
          -0.06676191684492859,
          -0.24480400057129367,
          -0.9821073196412372
        ],
        [
          -0.25374426542486106,
          0.2544880732010186,
          0.9331932642075728,
          3.7618501921095406
        ],
        [
          -2.072687983912623e-06,
          0.9647687116556584,
          -0.2630994734569314,
          -0.9794475707134569
        ],
        [
          0.0,
          0.0,
          0.0,
          1.0
        ]
      ]
    },
    {
      "file_path": "images/23_Camera1.jpg",
      "sharpness": 162.66504530773048,
      "transform_matrix": [
        [
          -0.9914461965491267,
          -0.03432661554800716,
          -0.12592109728184644,
          -0.4134546106783769
        ],
        [
          -0.1305160493058689,
          0.26084767731808145,
          0.9565166230188077,
          3.9858687459883306
        ],
        [
          1.2247367669261049e-05,
          0.9647694919694989,
          -0.26309661180305316,
          -0.8583693323344089
        ],
        [
          0.0,
          0.0,
          0.0,
          1.0
        ]
      ]
    },
    {
      "file_path": "images/36_Camera1.jpg",
      "sharpness": 212.36613812417096,
      "transform_matrix": [
        [
          0.19231287128727884,
          -0.25817382871236494,
          -0.9467639798981661,
          -3.9773159567044662
        ],
        [
          -0.9813336626261611,
          -0.05063995895264501,
          -0.18552583958562657,
          -0.9838421538319828
        ],
        [
          -4.617274898870596e-05,
          0.9647703709446841,
          -0.26309338483257777,
          -1.1258305214967783
        ],
        [
          0.0,
          0.0,
          0.0,
          1.0
        ]
      ]
    },
    {
      "file_path": "images/39_Camera1.jpg",
      "sharpness": 127.80913657878811,
      "transform_matrix": [
        [
          0.540020251240829,
          -0.2214079342264758,
          -0.8120077923509915,
          -3.167920583293278
        ],
        [
          -0.8416520205665836,
          -0.14213657196506527,
          -0.520978954648036,
          -2.042958175711727
        ],
        [
          -6.71298895999195e-05,
          0.9647671851282404,
          -0.26310506251427146,
          -0.976228362500306
        ],
        [
          0.0,
          0.0,
          0.0,
          1.0
        ]
      ]
    },
    {
      "file_path": "images/01_Camera1.jpg",
      "sharpness": 210.4438876311804,
      "transform_matrix": [
        [
          0.873783192436637,
          0.12797421423202107,
          0.46917537556260414,
          1.8350576015315008
        ],
        [
          0.48631567115063734,
          -0.22988989816556032,
          -0.8429992305540308,
          -3.3530281841351632
        ],
        [
          -2.3484818474858554e-05,
          0.9647658965492096,
          -0.2631097950122574,
          -0.8093546513533835
        ],
        [
          0.0,
          0.0,
          0.0,
          1.0
        ]
      ]
    },
    {
      "file_path": "images/38_Camera1.jpg",
      "sharpness": 169.91881033189136,
      "transform_matrix": [
        [
          0.4302912069544422,
          -0.2374724159738687,
          -0.8708939825240481,
          -3.6497913749944715
        ],
        [
          -0.9026901311123721,
          -0.11326840685174921,
          -0.4151153998607477,
          -1.5679188708805392
        ],
        [
          -6.631702438376842e-05,
          0.964767909701067,
          -0.26310240580506966,
          -1.044280139912189
        ],
        [
          0.0,
          0.0,
          0.0,
          1.0
        ]
      ]
    },
    {
      "file_path": "images/06_Camera1.jpg",
      "sharpness": 138.53566898934886,
      "transform_matrix": [
        [
          0.4210166213310104,
          0.23867398748807356,
          0.8750884139256662,
          3.5815756474376705
        ],
        [
          0.9070529223973992,
          -0.11075840596205401,
          -0.4061866214919402,
          -1.8737437333868663
        ],
        [
          -2.2782813521286953e-05,
          0.9647628222177752,
          -0.26312106771344984,
          -0.8336121495889589
        ],
        [
          0.0,
          0.0,
          0.0,
          1.0
        ]
      ]
    },
    {
      "file_path": "images/40_Camera1.jpg",
      "sharpness": 137.88017579530805,
      "transform_matrix": [
        [
          0.6412360714517226,
          -0.20185235869358356,
          -0.7403188001708269,
          -3.2159500980637308
        ],
        [
          -0.7673436625306183,
          -0.16876095630599863,
          -0.6186302960579408,
          -2.5501173391520355
        ],
        [
          -6.492426953292216e-05,
          0.9647670002885657,
          -0.26310574084647304,
          -1.2743315789355603
        ],
        [
          0.0,
          0.0,
          0.0,
          1.0
        ]
      ]
    },
    {
      "file_path": "images/05_Camera1.jpg",
      "sharpness": 184.39680572740747,
      "transform_matrix": [
        [
          0.5313743350511853,
          0.22291317845375866,
          0.8172827117025836,
          3.2026751313804733
        ],
        [
          0.8471371293685103,
          -0.13981461906170023,
          -0.5126505206686772,
          -1.7013990987822192
        ],
        [
          -8.485995819118454e-06,
          0.9647598598082007,
          -0.2631319303280733,
          -1.0425806801387207
        ],
        [
          0.0,
          0.0,
          0.0,
          1.0
        ]
      ]
    },
    {
      "file_path": "images/42_Camera1.jpg",
      "sharpness": 162.62107785611673,
      "transform_matrix": [
        [
          0.8118981247260976,
          -0.15355716794903831,
          -0.5632420715510265,
          -2.034120374288744
        ],
        [
          -0.583799135088725,
          -0.21366979119745838,
          -0.7832775945980104,
          -2.9926651589885993
        ],
        [
          -6.99266775262754e-05,
          0.9647618444111644,
          -0.263124644619156,
          -0.9534430657505732
        ],
        [
          0.0,
          0.0,
          0.0,
          1.0
        ]
      ]
    },
    {
      "file_path": "images/03_Camera1.jpg",
      "sharpness": 206.52429596973386,
      "transform_matrix": [
        [
          0.7253581902212944,
          0.1811456638263558,
          0.664109738133068,
          2.9231018049997863
        ],
        [
          0.6883716258028123,
          -0.19084358046407068,
          -0.6998022810660175,
          -2.7184196151960975
        ],
        [
          -2.506850453073101e-05,
          0.9647616162569199,
          -0.2631254892560485,
          -1.050091010374927
        ],
        [
          0.0,
          0.0,
          0.0,
          1.0
        ]
      ]
    },
    {
      "file_path": "images/41_Camera1.jpg",
      "sharpness": 141.15339121700077,
      "transform_matrix": [
        [
          0.7323389459136296,
          -0.1791230424550656,
          -0.656958601349529,
          -2.9404055198889636
        ],
        [
          -0.680940279595791,
          -0.19273189922303938,
          -0.706523000790378,
          -2.8140896165345093
        ],
        [
          -6.232948295107334e-05,
          0.9647638833483683,
          -0.2631171705323338,
          -1.1758310799966483
        ],
        [
          0.0,
          0.0,
          0.0,
          1.0
        ]
      ]
    },
    {
      "file_path": "images/07_Camera1.jpg",
      "sharpness": 174.4208738855391,
      "transform_matrix": [
        [
          0.30401323060895297,
          0.2506829006389369,
          0.9190941403737332,
          3.453136463424071
        ],
        [
          0.9526678094868262,
          -0.07997777231752572,
          -0.2933046210046012,
          -1.269665781409221
        ],
        [
          -1.9351267055088328e-05,
          0.9647598868061652,
          -0.26313183076665797,
          -1.0928623645942244
        ],
        [
          0.0,
          0.0,
          0.0,
          1.0
        ]
      ]
    },
    {
      "file_path": "images/44_Camera1.jpg",
      "sharpness": 170.06312184529781,
      "transform_matrix": [
        [
          0.9315595451214005,
          -0.09563715802573575,
          -0.35078533011707413,
          -1.6086922906175698
        ],
        [
          -0.363588795500131,
          -0.2451409874703546,
          -0.8987263677275623,
          -3.4464370813739698
        ],
        [
          -4.0226562757391255e-05,
          0.9647587419652793,
          -0.26313602587012735,
          -0.8201645932915992
        ],
        [
          0.0,
          0.0,
          0.0,
          1.0
        ]
      ]
    },
    {
      "file_path": "images/02_Camera1.jpg",
      "sharpness": 206.04993352706748,
      "transform_matrix": [
        [
          0.8059329120953672,
          0.15577855619693548,
          0.5711437494694782,
          2.2636210008199376
        ],
        [
          0.5920068759019426,
          -0.2120603193956149,
          -0.7775334589730568,
          -2.814157669902656
        ],
        [
          -6.113700325279757e-06,
          0.9647608316560871,
          -0.2631283671370446,
          -1.0211838858843532
        ],
        [
          0.0,
          0.0,
          0.0,
          1.0
        ]
      ]
    },
    {
      "file_path": "images/43_Camera1.jpg",
      "sharpness": 225.91742988932182,
      "transform_matrix": [
        [
          0.8786513660600751,
          -0.1255942858224774,
          -0.4606493810012996,
          -1.572407632180917
        ],
        [
          -0.47746389876260437,
          -0.231220201230262,
          -0.8476823956656201,
          -3.358047655933677
        ],
        [
          -4.73774838059092e-05,
          0.9647607443521351,
          -0.26312868304276016,
          -1.1864340981779247
        ],
        [
          0.0,
          0.0,
          0.0,
          1.0
        ]
      ]
    },
    {
      "file_path": "images/04_Camera1.jpg",
      "sharpness": 191.54854687794835,
      "transform_matrix": [
        [
          0.633370401222981,
          0.20363676977574033,
          0.7465748460652268,
          2.886363933718822
        ],
        [
          0.7738487800782702,
          -0.16664538354247052,
          -0.6110543197746906,
          -2.5429509282677163
        ],
        [
          -1.987627072966047e-05,
          0.9647597535494301,
          -0.2631323193062884,
          -1.1372390489377704
        ],
        [
          0.0,
          0.0,
          0.0,
          1.0
        ]
      ]
    },
    {
      "file_path": "images/14_Camera1.jpg",
      "sharpness": 169.29236962536163,
      "transform_matrix": [
        [
          -0.5402755861297586,
          0.22142451179086808,
          0.8118334044234051,
          3.523601309339347
        ],
        [
          0.841488140600144,
          0.14214728359716716,
          0.5212406919986328,
          2.1065907357671447
        ],
        [
          1.555257910397064e-05,
          0.9647618023495782,
          -0.26312480767240465,
          -1.1172845376247904
        ],
        [
          0.0,
          0.0,
          0.0,
          1.0
        ]
      ]
    },
    {
      "file_path": "images/49_Camera1.jpg",
      "sharpness": 223.87488315507431,
      "transform_matrix": [
        [
          0.9673968430828069,
          0.06664979174117817,
          0.24433819427517137,
          1.0630434300326903
        ],
        [
          0.2532653704946637,
          -0.2545601724712887,
          -0.9333036862134119,
          -3.6738231490684043
        ],
        [
          -5.723441386960714e-06,
          0.9647574429794998,
          -0.26314079142206126,
          -0.9757384196648238
        ],
        [
          0.0,
          0.0,
          0.0,
          1.0
        ]
      ]
    },
    {
      "file_path": "images/12_Camera1.jpg",
      "sharpness": 183.475905422261,
      "transform_matrix": [
        [
          -0.31403414177400674,
          0.24981607830993646,
          0.9159555036929914,
          3.5668276489543222
        ],
        [
          0.9494116903511662,
          0.08263532990839219,
          0.3029667382328079,
          1.0912768238811883
        ],
        [
          -4.322825404708786e-06,
          0.9647607626746268,
          -0.26312862009312993,
          -1.0120289257472042
        ],
        [
          0.0,
          0.0,
          0.0,
          1.0
        ]
      ]
    },
    {
      "file_path": "images/16_Camera1.jpg",
      "sharpness": 195.1781816780209,
      "transform_matrix": [
        [
          -0.7325685227355077,
          0.17911305942279515,
          0.6567053154716329,
          2.776399406006284
        ],
        [
          0.6806932930401477,
          0.1927398656586114,
          0.7067587884108796,
          2.9478799774004094
        ],
        [
          1.6434584921945215e-05,
          0.9647641453018503,
          -0.26311621690276726,
          -0.9426831228144509
        ],
        [
          0.0,
          0.0,
          0.0,
          1.0
        ]
      ]
    },
    {
      "file_path": "images/50_Camera1.jpg",
      "sharpness": 275.77585522888194,
      "transform_matrix": [
        [
          0.9280351631267776,
          0.09801543167498056,
          0.3593657066015021,
          1.2802735896661979
        ],
        [
          0.3724925984954924,
          -0.24420162476770943,
          -0.8953294536241062,
          -3.8309527074544736
        ],
        [
          1.5865495914562276e-06,
          0.964758281408419,
          -0.2631377175143963,
          -1.171851541976353
        ],
        [
          0.0,
          0.0,
          0.0,
          1.0
        ]
      ]
    },
    {
      "file_path": "images/10_Camera1.jpg",
      "sharpness": 116.86956892641318,
      "transform_matrix": [
        [
          -0.06805835568278852,
          0.2625221351188739,
          0.9625228250393638,
          3.714606621096652
        ],
        [
          0.9976813419801672,
          0.017917330027015125,
          0.0656575140354111,
          0.39462419510626345
        ],
        [
          -9.28834359166846e-06,
          0.964759606215284,
          -0.2631328600847613,
          -0.9549067017538388
        ],
        [
          0.0,
          0.0,
          0.0,
          1.0
        ]
      ]
    },
    {
      "file_path": "images/48_Camera1.jpg",
      "sharpness": 269.06205652557367,
      "transform_matrix": [
        [
          0.9915057603943452,
          0.03423984826294981,
          0.1254749370318067,
          0.23921974947209382
        ],
        [
          0.13006278012235667,
          -0.26090059172552615,
          -0.9565639311954364,
          -3.6660342608487104
        ],
        [
          -1.6118539620974197e-05,
          0.9647582671117703,
          -0.2631377694421995,
          -1.110659895232553
        ],
        [
          0.0,
          0.0,
          0.0,
          1.0
        ]
      ]
    },
    {
      "file_path": "images/13_Camera1.jpg",
      "sharpness": 186.92153770966658,
      "transform_matrix": [
        [
          -0.4305535492694584,
          0.23749985574848143,
          0.8707568315312245,
          3.665524480170253
        ],
        [
          0.9025650341658729,
          0.11327680190768159,
          0.41538503253087805,
          1.835591749482996
        ],
        [
          1.733619103876279e-05,
          0.9647601694707262,
          -0.26313079452926363,
          -1.0943800814746703
        ],
        [
          0.0,
          0.0,
          0.0,
          1.0
        ]
      ]
    },
    {
      "file_path": "images/47_Camera1.jpg",
      "sharpness": 302.624951722702,
      "transform_matrix": [
        [
          0.9999885285411404,
          0.0012812463602980358,
          0.004615313777363305,
          -0.08110686388220768
        ],
        [
          0.004789806248467306,
          -0.26312658791549354,
          -0.9647494267881198,
          -3.9942017066217104
        ],
        [
          -2.166992527491763e-05,
          0.9647604661635306,
          -0.26312970639148786,
          -1.2740761663523508
        ],
        [
          0.0,
          0.0,
          0.0,
          1.0
        ]
      ]
    },
    {
      "file_path": "images/11_Camera1.jpg",
      "sharpness": 135.10936721805612,
      "transform_matrix": [
        [
          -0.19257355820925495,
          0.2582059087253199,
          0.9467022411008297,
          3.87937503177913
        ],
        [
          0.9812825406694942,
          0.05067929462580045,
          0.18578531823965105,
          1.0261452575269787
        ],
        [
          -7.334875762676941e-06,
          0.9647597202013742,
          -0.263132442223483,
          -1.0506545280809791
        ],
        [
          0.0,
          0.0,
          0.0,
          1.0
        ]
      ]
    },
    {
      "file_path": "images/46_Camera1.jpg",
      "sharpness": 244.4638405197011,
      "transform_matrix": [
        [
          0.9927070844369453,
          -0.031698528520716876,
          -0.11630927618077334,
          -0.42442405379636455
        ],
        [
          -0.12055141606065707,
          -0.2612115662461937,
          -0.9577243203265412,
          -3.8604407631600672
        ],
        [
          -2.2876517285864618e-05,
          0.9647609656702982,
          -0.2631278748496785,
          -1.1979850969414054
        ],
        [
          0.0,
          0.0,
          0.0,
          1.0
        ]
      ]
    },
    {
      "file_path": "images/09_Camera1.jpg",
      "sharpness": 137.4693365767409,
      "transform_matrix": [
        [
          0.05752256190664706,
          0.26269843644699414,
          0.9631618172910382,
          3.6271293704211582
        ],
        [
          0.9983442065446653,
          -0.015125135297236345,
          -0.055498428274117786,
          -0.03188489716883806
        ],
        [
          -1.1397533217389785e-05,
          0.9647594320336592,
          -0.2631334986266801,
          -1.0236180225982718
        ],
        [
          0.0,
          0.0,
          0.0,
          1.0
        ]
      ]
    },
    {
      "file_path": "images/45_Camera1.jpg",
      "sharpness": 188.76466042524513,
      "transform_matrix": [
        [
          0.9697772446277096,
          -0.06416197263257384,
          -0.23540462399358095,
          -0.7603560813600229
        ],
        [
          -0.24399199541426464,
          -0.25519267129189843,
          -0.9355985285861798,
          -3.5697868991920916
        ],
        [
          -4.368764516407764e-05,
          0.9647590070679836,
          -0.2631350533469793,
          -1.0024516757273099
        ],
        [
          0.0,
          0.0,
          0.0,
          1.0
        ]
      ]
    },
    {
      "file_path": "images/08_Camera1.jpg",
      "sharpness": 120.21529494018907,
      "transform_matrix": [
        [
          0.18219560054222683,
          0.25872295957669933,
          0.9486133001694136,
          3.666185519749806
        ],
        [
          0.9832623062200091,
          -0.04792341227632053,
          -0.17577992980615695,
          -0.41162427296036913
        ],
        [
          -1.75173988135981e-05,
          0.9647620311098545,
          -0.26312396878516847,
          -0.8212084908169612
        ],
        [
          0.0,
          0.0,
          0.0,
          1.0
        ]
      ]
    },
    {
      "file_path": "images/15_Camera1.jpg",
      "sharpness": 165.79096652397615,
      "transform_matrix": [
        [
          -0.6414843945853903,
          0.201862772235802,
          0.7401007989565114,
          2.9363941005552405
        ],
        [
          0.7671360838176223,
          0.1687744950936204,
          0.6188839945505211,
          2.5815087626471587
        ],
        [
          1.9500170064876383e-05,
          0.9647624531046209,
          -0.26312242136812786,
          -1.0957761390221181
        ],
        [
          0.0,
          0.0,
          0.0,
          1.0
        ]
      ]
    },
    {
      "file_path": "images/17_Camera1.jpg",
      "sharpness": 241.98400546726413,
      "transform_matrix": [
        [
          -0.8121005651922543,
          0.15356239521946027,
          0.562948721213805,
          2.2532406266211824
        ],
        [
          0.5835174983516701,
          0.2136633781515924,
          0.7834891766669227,
          3.051750387373172
        ],
        [
          3.294909683492329e-05,
          0.9647624326961732,
          -0.26312249485714445,
          -1.2221111991572693
        ],
        [
          0.0,
          0.0,
          0.0,
          1.0
        ]
      ]
    },
    {
      "file_path": "images/18_Camera1.jpg",
      "sharpness": 197.24158316032936,
      "transform_matrix": [
        [
          -0.8788319949463871,
          0.1255398095172447,
          0.4603195420708339,
          1.997629801624699
        ],
        [
          0.4771313494227925,
          0.2312299318299314,
          0.8478669671734266,
          3.2035653472189853
        ],
        [
          1.4012218918295586e-06,
          0.9647655024841045,
          -0.2631112410026591,
          -1.1529642129718194
        ],
        [
          0.0,
          0.0,
          0.0,
          1.0
        ]
      ]
    },
    {
      "file_path": "images/21_Camera1.jpg",
      "sharpness": 151.10049723555449,
      "transform_matrix": [
        [
          -0.9927594175934537,
          0.03160238591734047,
          0.11588799726983239,
          0.34861986975616177
        ],
        [
          0.12011968491402941,
          0.261202955253682,
          0.9577809130813012,
          3.6536680694044863
        ],
        [
          -2.125325852829053e-06,
          0.9647664511700895,
          -0.26310776237025685,
          -0.9138341778622127
        ],
        [
          0.0,
          0.0,
          0.0,
          1.0
        ]
      ]
    },
    {
      "file_path": "images/22_Camera1.jpg",
      "sharpness": 195.1196666475391,
      "transform_matrix": [
        [
          -0.9999862623968975,
          -0.001384707537374211,
          -0.005055445568312558,
          0.06948293116748482
        ],
        [
          -0.00524165157099122,
          0.26310258530964564,
          0.9647536238294953,
          3.7459599726389508
        ],
        [
          -5.800815710524751e-06,
          0.9647668693113247,
          -0.26310622906519204,
          -1.1627994660586574
        ],
        [
          0.0,
          0.0,
          0.0,
          1.0
        ]
      ]
    },
    {
      "file_path": "images/19_Camera1.jpg",
      "sharpness": 140.5929049343531,
      "transform_matrix": [
        [
          -0.9317019910842866,
          0.0955735465736579,
          0.3504241671635723,
          1.29984142693395
        ],
        [
          0.3632236221838432,
          0.2451391304818772,
          0.8988745223857398,
          3.428448672324758
        ],
        [
          5.950390793856804e-06,
          0.9647655175396408,
          -0.26311118573407594,
          -0.9431054604356666
        ],
        [
          0.0,
          0.0,
          0.0,
          1.0
        ]
      ]
    },
    {
      "file_path": "images/20_Camera1.jpg",
      "sharpness": 155.52335571273545,
      "transform_matrix": [
        [
          -0.9698772518732035,
          0.06409915262298106,
          0.23500939312987668,
          1.0427834205007143
        ],
        [
          0.24359416284534074,
          0.2551821947264213,
          0.9357050450447718,
          3.9245387020893556
        ],
        [
          7.687772211882374e-06,
          0.9647659540321796,
          -0.2631095851705251,
          -1.0336244654831586
        ],
        [
          0.0,
          0.0,
          0.0,
          1.0
        ]
      ]
    }
  ]
}